# MPMC pretrained pointset
# Contains following parameters (refer to QMCPy's MPMC documentation for more details): 
# 'loss_fn': L2ctr_weighted
# 'lr': 0.001
# 'nlayers': 3
# 'weight_decay': 1e-06
# 'nhid': 32
# 'nbatch': 16
# 'epochs': 200000
# 'start_reduce': 100000
# 'radius': 0.35
# 'weights': 1110000000000000000000000000000000000000000000000000
# 'n_projections': 15
52 #d, the number of dimensions
32 #n, the number of points
1.408793628215789795e-01 7.348773479461669922e-01 7.369252443313598633e-01 5.000000000000000000e-01 5.000000000000000000e-01 5.000000000000000000e-01 5.000000000000000000e-01 5.000000000000000000e-01 5.000000000000000000e-01 5.000000000000000000e-01 5.000000000000000000e-01 5.000000000000000000e-01 5.000000000000000000e-01 5.000000000000000000e-01 5.000000000000000000e-01 5.000000000000000000e-01 5.000000000000000000e-01 5.000000000000000000e-01 5.000000000000000000e-01 5.000000000000000000e-01 5.000000000000000000e-01 5.000000000000000000e-01 5.000000000000000000e-01 5.000000000000000000e-01 5.000000000000000000e-01 5.000000000000000000e-01 5.000000000000000000e-01 5.000000000000000000e-01 5.000000000000000000e-01 5.000000000000000000e-01 5.000000000000000000e-01 5.000000000000000000e-01 5.000000000000000000e-01 5.000000000000000000e-01 5.000000000000000000e-01 5.000000000000000000e-01 5.000000000000000000e-01 5.000000000000000000e-01 5.000000000000000000e-01 5.000000000000000000e-01 5.000000000000000000e-01 5.000000000000000000e-01 5.000000000000000000e-01 5.000000000000000000e-01 5.000000000000000000e-01 5.000000000000000000e-01 5.000000000000000000e-01 5.000000000000000000e-01 5.000000000000000000e-01 5.000000000000000000e-01 5.000000000000000000e-01 5.000000000000000000e-01
6.083546876907348633e-01 4.215546846389770508e-01 8.307983875274658203e-01 5.000000000000000000e-01 5.000000000000000000e-01 5.000000000000000000e-01 5.000000000000000000e-01 5.000000000000000000e-01 5.000000000000000000e-01 5.000000000000000000e-01 5.000000000000000000e-01 5.000000000000000000e-01 5.000000000000000000e-01 5.000000000000000000e-01 5.000000000000000000e-01 5.000000000000000000e-01 5.000000000000000000e-01 5.000000000000000000e-01 5.000000000000000000e-01 5.000000000000000000e-01 5.000000000000000000e-01 5.000000000000000000e-01 5.000000000000000000e-01 5.000000000000000000e-01 5.000000000000000000e-01 5.000000000000000000e-01 5.000000000000000000e-01 5.000000000000000000e-01 5.000000000000000000e-01 5.000000000000000000e-01 5.000000000000000000e-01 5.000000000000000000e-01 5.000000000000000000e-01 5.000000000000000000e-01 5.000000000000000000e-01 5.000000000000000000e-01 5.000000000000000000e-01 5.000000000000000000e-01 5.000000000000000000e-01 5.000000000000000000e-01 5.000000000000000000e-01 5.000000000000000000e-01 5.000000000000000000e-01 5.000000000000000000e-01 5.000000000000000000e-01 5.000000000000000000e-01 5.000000000000000000e-01 5.000000000000000000e-01 5.000000000000000000e-01 5.000000000000000000e-01 5.000000000000000000e-01 5.000000000000000000e-01
7.038838863372802734e-01 2.360101789236068726e-01 7.969784140586853027e-01 5.000000000000000000e-01 5.000000000000000000e-01 5.000000000000000000e-01 5.000000000000000000e-01 5.000000000000000000e-01 5.000000000000000000e-01 5.000000000000000000e-01 5.000000000000000000e-01 5.000000000000000000e-01 5.000000000000000000e-01 5.000000000000000000e-01 5.000000000000000000e-01 5.000000000000000000e-01 5.000000000000000000e-01 5.000000000000000000e-01 5.000000000000000000e-01 5.000000000000000000e-01 5.000000000000000000e-01 5.000000000000000000e-01 5.000000000000000000e-01 5.000000000000000000e-01 5.000000000000000000e-01 5.000000000000000000e-01 5.000000000000000000e-01 5.000000000000000000e-01 5.000000000000000000e-01 5.000000000000000000e-01 5.000000000000000000e-01 5.000000000000000000e-01 5.000000000000000000e-01 5.000000000000000000e-01 5.000000000000000000e-01 5.000000000000000000e-01 5.000000000000000000e-01 5.000000000000000000e-01 5.000000000000000000e-01 5.000000000000000000e-01 5.000000000000000000e-01 5.000000000000000000e-01 5.000000000000000000e-01 5.000000000000000000e-01 5.000000000000000000e-01 5.000000000000000000e-01 5.000000000000000000e-01 5.000000000000000000e-01 5.000000000000000000e-01 5.000000000000000000e-01 5.000000000000000000e-01 5.000000000000000000e-01
8.598284125328063965e-01 3.282918930053710938e-01 7.621815204620361328e-01 5.000000000000000000e-01 5.000000000000000000e-01 5.000000000000000000e-01 5.000000000000000000e-01 5.000000000000000000e-01 5.000000000000000000e-01 5.000000000000000000e-01 5.000000000000000000e-01 5.000000000000000000e-01 5.000000000000000000e-01 5.000000000000000000e-01 5.000000000000000000e-01 5.000000000000000000e-01 5.000000000000000000e-01 5.000000000000000000e-01 5.000000000000000000e-01 5.000000000000000000e-01 5.000000000000000000e-01 5.000000000000000000e-01 5.000000000000000000e-01 5.000000000000000000e-01 5.000000000000000000e-01 5.000000000000000000e-01 5.000000000000000000e-01 5.000000000000000000e-01 5.000000000000000000e-01 5.000000000000000000e-01 5.000000000000000000e-01 5.000000000000000000e-01 5.000000000000000000e-01 5.000000000000000000e-01 5.000000000000000000e-01 5.000000000000000000e-01 5.000000000000000000e-01 5.000000000000000000e-01 5.000000000000000000e-01 5.000000000000000000e-01 5.000000000000000000e-01 5.000000000000000000e-01 5.000000000000000000e-01 5.000000000000000000e-01 5.000000000000000000e-01 5.000000000000000000e-01 5.000000000000000000e-01 5.000000000000000000e-01 5.000000000000000000e-01 5.000000000000000000e-01 5.000000000000000000e-01 5.000000000000000000e-01
2.628729939460754395e-01 4.826456308364868164e-01 2.021710276603698730e-01 5.000000000000000000e-01 5.000000000000000000e-01 5.000000000000000000e-01 5.000000000000000000e-01 5.000000000000000000e-01 5.000000000000000000e-01 5.000000000000000000e-01 5.000000000000000000e-01 5.000000000000000000e-01 5.000000000000000000e-01 5.000000000000000000e-01 5.000000000000000000e-01 5.000000000000000000e-01 5.000000000000000000e-01 5.000000000000000000e-01 5.000000000000000000e-01 5.000000000000000000e-01 5.000000000000000000e-01 5.000000000000000000e-01 5.000000000000000000e-01 5.000000000000000000e-01 5.000000000000000000e-01 5.000000000000000000e-01 5.000000000000000000e-01 5.000000000000000000e-01 5.000000000000000000e-01 5.000000000000000000e-01 5.000000000000000000e-01 5.000000000000000000e-01 5.000000000000000000e-01 5.000000000000000000e-01 5.000000000000000000e-01 5.000000000000000000e-01 5.000000000000000000e-01 5.000000000000000000e-01 5.000000000000000000e-01 5.000000000000000000e-01 5.000000000000000000e-01 5.000000000000000000e-01 5.000000000000000000e-01 5.000000000000000000e-01 5.000000000000000000e-01 5.000000000000000000e-01 5.000000000000000000e-01 5.000000000000000000e-01 5.000000000000000000e-01 5.000000000000000000e-01 5.000000000000000000e-01 5.000000000000000000e-01
3.272833526134490967e-01 7.660173177719116211e-01 4.629777371883392334e-02 5.000000000000000000e-01 5.000000000000000000e-01 5.000000000000000000e-01 5.000000000000000000e-01 5.000000000000000000e-01 5.000000000000000000e-01 5.000000000000000000e-01 5.000000000000000000e-01 5.000000000000000000e-01 5.000000000000000000e-01 5.000000000000000000e-01 5.000000000000000000e-01 5.000000000000000000e-01 5.000000000000000000e-01 5.000000000000000000e-01 5.000000000000000000e-01 5.000000000000000000e-01 5.000000000000000000e-01 5.000000000000000000e-01 5.000000000000000000e-01 5.000000000000000000e-01 5.000000000000000000e-01 5.000000000000000000e-01 5.000000000000000000e-01 5.000000000000000000e-01 5.000000000000000000e-01 5.000000000000000000e-01 5.000000000000000000e-01 5.000000000000000000e-01 5.000000000000000000e-01 5.000000000000000000e-01 5.000000000000000000e-01 5.000000000000000000e-01 5.000000000000000000e-01 5.000000000000000000e-01 5.000000000000000000e-01 5.000000000000000000e-01 5.000000000000000000e-01 5.000000000000000000e-01 5.000000000000000000e-01 5.000000000000000000e-01 5.000000000000000000e-01 5.000000000000000000e-01 5.000000000000000000e-01 5.000000000000000000e-01 5.000000000000000000e-01 5.000000000000000000e-01 5.000000000000000000e-01 5.000000000000000000e-01
7.971510887145996094e-01 5.459274649620056152e-01 4.540323913097381592e-01 5.000000000000000000e-01 5.000000000000000000e-01 5.000000000000000000e-01 5.000000000000000000e-01 5.000000000000000000e-01 5.000000000000000000e-01 5.000000000000000000e-01 5.000000000000000000e-01 5.000000000000000000e-01 5.000000000000000000e-01 5.000000000000000000e-01 5.000000000000000000e-01 5.000000000000000000e-01 5.000000000000000000e-01 5.000000000000000000e-01 5.000000000000000000e-01 5.000000000000000000e-01 5.000000000000000000e-01 5.000000000000000000e-01 5.000000000000000000e-01 5.000000000000000000e-01 5.000000000000000000e-01 5.000000000000000000e-01 5.000000000000000000e-01 5.000000000000000000e-01 5.000000000000000000e-01 5.000000000000000000e-01 5.000000000000000000e-01 5.000000000000000000e-01 5.000000000000000000e-01 5.000000000000000000e-01 5.000000000000000000e-01 5.000000000000000000e-01 5.000000000000000000e-01 5.000000000000000000e-01 5.000000000000000000e-01 5.000000000000000000e-01 5.000000000000000000e-01 5.000000000000000000e-01 5.000000000000000000e-01 5.000000000000000000e-01 5.000000000000000000e-01 5.000000000000000000e-01 5.000000000000000000e-01 5.000000000000000000e-01 5.000000000000000000e-01 5.000000000000000000e-01 5.000000000000000000e-01 5.000000000000000000e-01
9.809216856956481934e-01 7.086908221244812012e-01 3.288559317588806152e-01 5.000000000000000000e-01 5.000000000000000000e-01 5.000000000000000000e-01 5.000000000000000000e-01 5.000000000000000000e-01 5.000000000000000000e-01 5.000000000000000000e-01 5.000000000000000000e-01 5.000000000000000000e-01 5.000000000000000000e-01 5.000000000000000000e-01 5.000000000000000000e-01 5.000000000000000000e-01 5.000000000000000000e-01 5.000000000000000000e-01 5.000000000000000000e-01 5.000000000000000000e-01 5.000000000000000000e-01 5.000000000000000000e-01 5.000000000000000000e-01 5.000000000000000000e-01 5.000000000000000000e-01 5.000000000000000000e-01 5.000000000000000000e-01 5.000000000000000000e-01 5.000000000000000000e-01 5.000000000000000000e-01 5.000000000000000000e-01 5.000000000000000000e-01 5.000000000000000000e-01 5.000000000000000000e-01 5.000000000000000000e-01 5.000000000000000000e-01 5.000000000000000000e-01 5.000000000000000000e-01 5.000000000000000000e-01 5.000000000000000000e-01 5.000000000000000000e-01 5.000000000000000000e-01 5.000000000000000000e-01 5.000000000000000000e-01 5.000000000000000000e-01 5.000000000000000000e-01 5.000000000000000000e-01 5.000000000000000000e-01 5.000000000000000000e-01 5.000000000000000000e-01 5.000000000000000000e-01 5.000000000000000000e-01
6.686626076698303223e-01 1.396290063858032227e-01 5.197794437408447266e-01 5.000000000000000000e-01 5.000000000000000000e-01 5.000000000000000000e-01 5.000000000000000000e-01 5.000000000000000000e-01 5.000000000000000000e-01 5.000000000000000000e-01 5.000000000000000000e-01 5.000000000000000000e-01 5.000000000000000000e-01 5.000000000000000000e-01 5.000000000000000000e-01 5.000000000000000000e-01 5.000000000000000000e-01 5.000000000000000000e-01 5.000000000000000000e-01 5.000000000000000000e-01 5.000000000000000000e-01 5.000000000000000000e-01 5.000000000000000000e-01 5.000000000000000000e-01 5.000000000000000000e-01 5.000000000000000000e-01 5.000000000000000000e-01 5.000000000000000000e-01 5.000000000000000000e-01 5.000000000000000000e-01 5.000000000000000000e-01 5.000000000000000000e-01 5.000000000000000000e-01 5.000000000000000000e-01 5.000000000000000000e-01 5.000000000000000000e-01 5.000000000000000000e-01 5.000000000000000000e-01 5.000000000000000000e-01 5.000000000000000000e-01 5.000000000000000000e-01 5.000000000000000000e-01 5.000000000000000000e-01 5.000000000000000000e-01 5.000000000000000000e-01 5.000000000000000000e-01 5.000000000000000000e-01 5.000000000000000000e-01 5.000000000000000000e-01 5.000000000000000000e-01 5.000000000000000000e-01 5.000000000000000000e-01
1.667277365922927856e-01 9.476937651634216309e-01 2.923253774642944336e-01 5.000000000000000000e-01 5.000000000000000000e-01 5.000000000000000000e-01 5.000000000000000000e-01 5.000000000000000000e-01 5.000000000000000000e-01 5.000000000000000000e-01 5.000000000000000000e-01 5.000000000000000000e-01 5.000000000000000000e-01 5.000000000000000000e-01 5.000000000000000000e-01 5.000000000000000000e-01 5.000000000000000000e-01 5.000000000000000000e-01 5.000000000000000000e-01 5.000000000000000000e-01 5.000000000000000000e-01 5.000000000000000000e-01 5.000000000000000000e-01 5.000000000000000000e-01 5.000000000000000000e-01 5.000000000000000000e-01 5.000000000000000000e-01 5.000000000000000000e-01 5.000000000000000000e-01 5.000000000000000000e-01 5.000000000000000000e-01 5.000000000000000000e-01 5.000000000000000000e-01 5.000000000000000000e-01 5.000000000000000000e-01 5.000000000000000000e-01 5.000000000000000000e-01 5.000000000000000000e-01 5.000000000000000000e-01 5.000000000000000000e-01 5.000000000000000000e-01 5.000000000000000000e-01 5.000000000000000000e-01 5.000000000000000000e-01 5.000000000000000000e-01 5.000000000000000000e-01 5.000000000000000000e-01 5.000000000000000000e-01 5.000000000000000000e-01 5.000000000000000000e-01 5.000000000000000000e-01 5.000000000000000000e-01
2.944697439670562744e-01 8.901303410530090332e-01 6.361160874366760254e-01 5.000000000000000000e-01 5.000000000000000000e-01 5.000000000000000000e-01 5.000000000000000000e-01 5.000000000000000000e-01 5.000000000000000000e-01 5.000000000000000000e-01 5.000000000000000000e-01 5.000000000000000000e-01 5.000000000000000000e-01 5.000000000000000000e-01 5.000000000000000000e-01 5.000000000000000000e-01 5.000000000000000000e-01 5.000000000000000000e-01 5.000000000000000000e-01 5.000000000000000000e-01 5.000000000000000000e-01 5.000000000000000000e-01 5.000000000000000000e-01 5.000000000000000000e-01 5.000000000000000000e-01 5.000000000000000000e-01 5.000000000000000000e-01 5.000000000000000000e-01 5.000000000000000000e-01 5.000000000000000000e-01 5.000000000000000000e-01 5.000000000000000000e-01 5.000000000000000000e-01 5.000000000000000000e-01 5.000000000000000000e-01 5.000000000000000000e-01 5.000000000000000000e-01 5.000000000000000000e-01 5.000000000000000000e-01 5.000000000000000000e-01 5.000000000000000000e-01 5.000000000000000000e-01 5.000000000000000000e-01 5.000000000000000000e-01 5.000000000000000000e-01 5.000000000000000000e-01 5.000000000000000000e-01 5.000000000000000000e-01 5.000000000000000000e-01 5.000000000000000000e-01 5.000000000000000000e-01 5.000000000000000000e-01
7.706241011619567871e-01 2.051959633827209473e-01 2.365366071462631226e-01 5.000000000000000000e-01 5.000000000000000000e-01 5.000000000000000000e-01 5.000000000000000000e-01 5.000000000000000000e-01 5.000000000000000000e-01 5.000000000000000000e-01 5.000000000000000000e-01 5.000000000000000000e-01 5.000000000000000000e-01 5.000000000000000000e-01 5.000000000000000000e-01 5.000000000000000000e-01 5.000000000000000000e-01 5.000000000000000000e-01 5.000000000000000000e-01 5.000000000000000000e-01 5.000000000000000000e-01 5.000000000000000000e-01 5.000000000000000000e-01 5.000000000000000000e-01 5.000000000000000000e-01 5.000000000000000000e-01 5.000000000000000000e-01 5.000000000000000000e-01 5.000000000000000000e-01 5.000000000000000000e-01 5.000000000000000000e-01 5.000000000000000000e-01 5.000000000000000000e-01 5.000000000000000000e-01 5.000000000000000000e-01 5.000000000000000000e-01 5.000000000000000000e-01 5.000000000000000000e-01 5.000000000000000000e-01 5.000000000000000000e-01 5.000000000000000000e-01 5.000000000000000000e-01 5.000000000000000000e-01 5.000000000000000000e-01 5.000000000000000000e-01 5.000000000000000000e-01 5.000000000000000000e-01 5.000000000000000000e-01 5.000000000000000000e-01 5.000000000000000000e-01 5.000000000000000000e-01 5.000000000000000000e-01
4.805366992950439453e-01 6.119402647018432617e-01 1.719729155302047729e-01 5.000000000000000000e-01 5.000000000000000000e-01 5.000000000000000000e-01 5.000000000000000000e-01 5.000000000000000000e-01 5.000000000000000000e-01 5.000000000000000000e-01 5.000000000000000000e-01 5.000000000000000000e-01 5.000000000000000000e-01 5.000000000000000000e-01 5.000000000000000000e-01 5.000000000000000000e-01 5.000000000000000000e-01 5.000000000000000000e-01 5.000000000000000000e-01 5.000000000000000000e-01 5.000000000000000000e-01 5.000000000000000000e-01 5.000000000000000000e-01 5.000000000000000000e-01 5.000000000000000000e-01 5.000000000000000000e-01 5.000000000000000000e-01 5.000000000000000000e-01 5.000000000000000000e-01 5.000000000000000000e-01 5.000000000000000000e-01 5.000000000000000000e-01 5.000000000000000000e-01 5.000000000000000000e-01 5.000000000000000000e-01 5.000000000000000000e-01 5.000000000000000000e-01 5.000000000000000000e-01 5.000000000000000000e-01 5.000000000000000000e-01 5.000000000000000000e-01 5.000000000000000000e-01 5.000000000000000000e-01 5.000000000000000000e-01 5.000000000000000000e-01 5.000000000000000000e-01 5.000000000000000000e-01 5.000000000000000000e-01 5.000000000000000000e-01 5.000000000000000000e-01 5.000000000000000000e-01 5.000000000000000000e-01
2.037325128912925720e-02 4.880747199058532715e-02 4.807485342025756836e-01 5.000000000000000000e-01 5.000000000000000000e-01 5.000000000000000000e-01 5.000000000000000000e-01 5.000000000000000000e-01 5.000000000000000000e-01 5.000000000000000000e-01 5.000000000000000000e-01 5.000000000000000000e-01 5.000000000000000000e-01 5.000000000000000000e-01 5.000000000000000000e-01 5.000000000000000000e-01 5.000000000000000000e-01 5.000000000000000000e-01 5.000000000000000000e-01 5.000000000000000000e-01 5.000000000000000000e-01 5.000000000000000000e-01 5.000000000000000000e-01 5.000000000000000000e-01 5.000000000000000000e-01 5.000000000000000000e-01 5.000000000000000000e-01 5.000000000000000000e-01 5.000000000000000000e-01 5.000000000000000000e-01 5.000000000000000000e-01 5.000000000000000000e-01 5.000000000000000000e-01 5.000000000000000000e-01 5.000000000000000000e-01 5.000000000000000000e-01 5.000000000000000000e-01 5.000000000000000000e-01 5.000000000000000000e-01 5.000000000000000000e-01 5.000000000000000000e-01 5.000000000000000000e-01 5.000000000000000000e-01 5.000000000000000000e-01 5.000000000000000000e-01 5.000000000000000000e-01 5.000000000000000000e-01 5.000000000000000000e-01 5.000000000000000000e-01 5.000000000000000000e-01 5.000000000000000000e-01 5.000000000000000000e-01
9.208215475082397461e-01 1.098961383104324341e-01 1.439485400915145874e-01 5.000000000000000000e-01 5.000000000000000000e-01 5.000000000000000000e-01 5.000000000000000000e-01 5.000000000000000000e-01 5.000000000000000000e-01 5.000000000000000000e-01 5.000000000000000000e-01 5.000000000000000000e-01 5.000000000000000000e-01 5.000000000000000000e-01 5.000000000000000000e-01 5.000000000000000000e-01 5.000000000000000000e-01 5.000000000000000000e-01 5.000000000000000000e-01 5.000000000000000000e-01 5.000000000000000000e-01 5.000000000000000000e-01 5.000000000000000000e-01 5.000000000000000000e-01 5.000000000000000000e-01 5.000000000000000000e-01 5.000000000000000000e-01 5.000000000000000000e-01 5.000000000000000000e-01 5.000000000000000000e-01 5.000000000000000000e-01 5.000000000000000000e-01 5.000000000000000000e-01 5.000000000000000000e-01 5.000000000000000000e-01 5.000000000000000000e-01 5.000000000000000000e-01 5.000000000000000000e-01 5.000000000000000000e-01 5.000000000000000000e-01 5.000000000000000000e-01 5.000000000000000000e-01 5.000000000000000000e-01 5.000000000000000000e-01 5.000000000000000000e-01 5.000000000000000000e-01 5.000000000000000000e-01 5.000000000000000000e-01 5.000000000000000000e-01 5.000000000000000000e-01 5.000000000000000000e-01 5.000000000000000000e-01
1.095636412501335144e-01 5.158231258392333984e-01 6.695724129676818848e-01 5.000000000000000000e-01 5.000000000000000000e-01 5.000000000000000000e-01 5.000000000000000000e-01 5.000000000000000000e-01 5.000000000000000000e-01 5.000000000000000000e-01 5.000000000000000000e-01 5.000000000000000000e-01 5.000000000000000000e-01 5.000000000000000000e-01 5.000000000000000000e-01 5.000000000000000000e-01 5.000000000000000000e-01 5.000000000000000000e-01 5.000000000000000000e-01 5.000000000000000000e-01 5.000000000000000000e-01 5.000000000000000000e-01 5.000000000000000000e-01 5.000000000000000000e-01 5.000000000000000000e-01 5.000000000000000000e-01 5.000000000000000000e-01 5.000000000000000000e-01 5.000000000000000000e-01 5.000000000000000000e-01 5.000000000000000000e-01 5.000000000000000000e-01 5.000000000000000000e-01 5.000000000000000000e-01 5.000000000000000000e-01 5.000000000000000000e-01 5.000000000000000000e-01 5.000000000000000000e-01 5.000000000000000000e-01 5.000000000000000000e-01 5.000000000000000000e-01 5.000000000000000000e-01 5.000000000000000000e-01 5.000000000000000000e-01 5.000000000000000000e-01 5.000000000000000000e-01 5.000000000000000000e-01 5.000000000000000000e-01 5.000000000000000000e-01 5.000000000000000000e-01 5.000000000000000000e-01 5.000000000000000000e-01
9.539207220077514648e-01 4.535317718982696533e-01 6.074016690254211426e-01 5.000000000000000000e-01 5.000000000000000000e-01 5.000000000000000000e-01 5.000000000000000000e-01 5.000000000000000000e-01 5.000000000000000000e-01 5.000000000000000000e-01 5.000000000000000000e-01 5.000000000000000000e-01 5.000000000000000000e-01 5.000000000000000000e-01 5.000000000000000000e-01 5.000000000000000000e-01 5.000000000000000000e-01 5.000000000000000000e-01 5.000000000000000000e-01 5.000000000000000000e-01 5.000000000000000000e-01 5.000000000000000000e-01 5.000000000000000000e-01 5.000000000000000000e-01 5.000000000000000000e-01 5.000000000000000000e-01 5.000000000000000000e-01 5.000000000000000000e-01 5.000000000000000000e-01 5.000000000000000000e-01 5.000000000000000000e-01 5.000000000000000000e-01 5.000000000000000000e-01 5.000000000000000000e-01 5.000000000000000000e-01 5.000000000000000000e-01 5.000000000000000000e-01 5.000000000000000000e-01 5.000000000000000000e-01 5.000000000000000000e-01 5.000000000000000000e-01 5.000000000000000000e-01 5.000000000000000000e-01 5.000000000000000000e-01 5.000000000000000000e-01 5.000000000000000000e-01 5.000000000000000000e-01 5.000000000000000000e-01 5.000000000000000000e-01 5.000000000000000000e-01 5.000000000000000000e-01 5.000000000000000000e-01
5.434063673019409180e-01 2.100251242518424988e-02 2.100262604653835297e-02 5.000000000000000000e-01 5.000000000000000000e-01 5.000000000000000000e-01 5.000000000000000000e-01 5.000000000000000000e-01 5.000000000000000000e-01 5.000000000000000000e-01 5.000000000000000000e-01 5.000000000000000000e-01 5.000000000000000000e-01 5.000000000000000000e-01 5.000000000000000000e-01 5.000000000000000000e-01 5.000000000000000000e-01 5.000000000000000000e-01 5.000000000000000000e-01 5.000000000000000000e-01 5.000000000000000000e-01 5.000000000000000000e-01 5.000000000000000000e-01 5.000000000000000000e-01 5.000000000000000000e-01 5.000000000000000000e-01 5.000000000000000000e-01 5.000000000000000000e-01 5.000000000000000000e-01 5.000000000000000000e-01 5.000000000000000000e-01 5.000000000000000000e-01 5.000000000000000000e-01 5.000000000000000000e-01 5.000000000000000000e-01 5.000000000000000000e-01 5.000000000000000000e-01 5.000000000000000000e-01 5.000000000000000000e-01 5.000000000000000000e-01 5.000000000000000000e-01 5.000000000000000000e-01 5.000000000000000000e-01 5.000000000000000000e-01 5.000000000000000000e-01 5.000000000000000000e-01 5.000000000000000000e-01 5.000000000000000000e-01 5.000000000000000000e-01 5.000000000000000000e-01 5.000000000000000000e-01 5.000000000000000000e-01
4.687875881791114807e-02 6.363296508789062500e-01 8.562166690826416016e-01 5.000000000000000000e-01 5.000000000000000000e-01 5.000000000000000000e-01 5.000000000000000000e-01 5.000000000000000000e-01 5.000000000000000000e-01 5.000000000000000000e-01 5.000000000000000000e-01 5.000000000000000000e-01 5.000000000000000000e-01 5.000000000000000000e-01 5.000000000000000000e-01 5.000000000000000000e-01 5.000000000000000000e-01 5.000000000000000000e-01 5.000000000000000000e-01 5.000000000000000000e-01 5.000000000000000000e-01 5.000000000000000000e-01 5.000000000000000000e-01 5.000000000000000000e-01 5.000000000000000000e-01 5.000000000000000000e-01 5.000000000000000000e-01 5.000000000000000000e-01 5.000000000000000000e-01 5.000000000000000000e-01 5.000000000000000000e-01 5.000000000000000000e-01 5.000000000000000000e-01 5.000000000000000000e-01 5.000000000000000000e-01 5.000000000000000000e-01 5.000000000000000000e-01 5.000000000000000000e-01 5.000000000000000000e-01 5.000000000000000000e-01 5.000000000000000000e-01 5.000000000000000000e-01 5.000000000000000000e-01 5.000000000000000000e-01 5.000000000000000000e-01 5.000000000000000000e-01 5.000000000000000000e-01 5.000000000000000000e-01 5.000000000000000000e-01 5.000000000000000000e-01 5.000000000000000000e-01 5.000000000000000000e-01
3.569958209991455078e-01 2.926257550716400146e-01 3.550968170166015625e-01 5.000000000000000000e-01 5.000000000000000000e-01 5.000000000000000000e-01 5.000000000000000000e-01 5.000000000000000000e-01 5.000000000000000000e-01 5.000000000000000000e-01 5.000000000000000000e-01 5.000000000000000000e-01 5.000000000000000000e-01 5.000000000000000000e-01 5.000000000000000000e-01 5.000000000000000000e-01 5.000000000000000000e-01 5.000000000000000000e-01 5.000000000000000000e-01 5.000000000000000000e-01 5.000000000000000000e-01 5.000000000000000000e-01 5.000000000000000000e-01 5.000000000000000000e-01 5.000000000000000000e-01 5.000000000000000000e-01 5.000000000000000000e-01 5.000000000000000000e-01 5.000000000000000000e-01 5.000000000000000000e-01 5.000000000000000000e-01 5.000000000000000000e-01 5.000000000000000000e-01 5.000000000000000000e-01 5.000000000000000000e-01 5.000000000000000000e-01 5.000000000000000000e-01 5.000000000000000000e-01 5.000000000000000000e-01 5.000000000000000000e-01 5.000000000000000000e-01 5.000000000000000000e-01 5.000000000000000000e-01 5.000000000000000000e-01 5.000000000000000000e-01 5.000000000000000000e-01 5.000000000000000000e-01 5.000000000000000000e-01 5.000000000000000000e-01 5.000000000000000000e-01 5.000000000000000000e-01 5.000000000000000000e-01
4.540082216262817383e-01 2.645575702190399170e-01 5.806832909584045410e-01 5.000000000000000000e-01 5.000000000000000000e-01 5.000000000000000000e-01 5.000000000000000000e-01 5.000000000000000000e-01 5.000000000000000000e-01 5.000000000000000000e-01 5.000000000000000000e-01 5.000000000000000000e-01 5.000000000000000000e-01 5.000000000000000000e-01 5.000000000000000000e-01 5.000000000000000000e-01 5.000000000000000000e-01 5.000000000000000000e-01 5.000000000000000000e-01 5.000000000000000000e-01 5.000000000000000000e-01 5.000000000000000000e-01 5.000000000000000000e-01 5.000000000000000000e-01 5.000000000000000000e-01 5.000000000000000000e-01 5.000000000000000000e-01 5.000000000000000000e-01 5.000000000000000000e-01 5.000000000000000000e-01 5.000000000000000000e-01 5.000000000000000000e-01 5.000000000000000000e-01 5.000000000000000000e-01 5.000000000000000000e-01 5.000000000000000000e-01 5.000000000000000000e-01 5.000000000000000000e-01 5.000000000000000000e-01 5.000000000000000000e-01 5.000000000000000000e-01 5.000000000000000000e-01 5.000000000000000000e-01 5.000000000000000000e-01 5.000000000000000000e-01 5.000000000000000000e-01 5.000000000000000000e-01 5.000000000000000000e-01 5.000000000000000000e-01 5.000000000000000000e-01 5.000000000000000000e-01 5.000000000000000000e-01
6.408562064170837402e-01 8.559498190879821777e-01 4.209456443786621094e-01 5.000000000000000000e-01 5.000000000000000000e-01 5.000000000000000000e-01 5.000000000000000000e-01 5.000000000000000000e-01 5.000000000000000000e-01 5.000000000000000000e-01 5.000000000000000000e-01 5.000000000000000000e-01 5.000000000000000000e-01 5.000000000000000000e-01 5.000000000000000000e-01 5.000000000000000000e-01 5.000000000000000000e-01 5.000000000000000000e-01 5.000000000000000000e-01 5.000000000000000000e-01 5.000000000000000000e-01 5.000000000000000000e-01 5.000000000000000000e-01 5.000000000000000000e-01 5.000000000000000000e-01 5.000000000000000000e-01 5.000000000000000000e-01 5.000000000000000000e-01 5.000000000000000000e-01 5.000000000000000000e-01 5.000000000000000000e-01 5.000000000000000000e-01 5.000000000000000000e-01 5.000000000000000000e-01 5.000000000000000000e-01 5.000000000000000000e-01 5.000000000000000000e-01 5.000000000000000000e-01 5.000000000000000000e-01 5.000000000000000000e-01 5.000000000000000000e-01 5.000000000000000000e-01 5.000000000000000000e-01 5.000000000000000000e-01 5.000000000000000000e-01 5.000000000000000000e-01 5.000000000000000000e-01 5.000000000000000000e-01 5.000000000000000000e-01 5.000000000000000000e-01 5.000000000000000000e-01 5.000000000000000000e-01
8.259189724922180176e-01 9.195857048034667969e-01 9.763764739036560059e-01 5.000000000000000000e-01 5.000000000000000000e-01 5.000000000000000000e-01 5.000000000000000000e-01 5.000000000000000000e-01 5.000000000000000000e-01 5.000000000000000000e-01 5.000000000000000000e-01 5.000000000000000000e-01 5.000000000000000000e-01 5.000000000000000000e-01 5.000000000000000000e-01 5.000000000000000000e-01 5.000000000000000000e-01 5.000000000000000000e-01 5.000000000000000000e-01 5.000000000000000000e-01 5.000000000000000000e-01 5.000000000000000000e-01 5.000000000000000000e-01 5.000000000000000000e-01 5.000000000000000000e-01 5.000000000000000000e-01 5.000000000000000000e-01 5.000000000000000000e-01 5.000000000000000000e-01 5.000000000000000000e-01 5.000000000000000000e-01 5.000000000000000000e-01 5.000000000000000000e-01 5.000000000000000000e-01 5.000000000000000000e-01 5.000000000000000000e-01 5.000000000000000000e-01 5.000000000000000000e-01 5.000000000000000000e-01 5.000000000000000000e-01 5.000000000000000000e-01 5.000000000000000000e-01 5.000000000000000000e-01 5.000000000000000000e-01 5.000000000000000000e-01 5.000000000000000000e-01 5.000000000000000000e-01 5.000000000000000000e-01 5.000000000000000000e-01 5.000000000000000000e-01 5.000000000000000000e-01 5.000000000000000000e-01
3.895264565944671631e-01 7.730935513973236084e-02 9.524816870689392090e-01 5.000000000000000000e-01 5.000000000000000000e-01 5.000000000000000000e-01 5.000000000000000000e-01 5.000000000000000000e-01 5.000000000000000000e-01 5.000000000000000000e-01 5.000000000000000000e-01 5.000000000000000000e-01 5.000000000000000000e-01 5.000000000000000000e-01 5.000000000000000000e-01 5.000000000000000000e-01 5.000000000000000000e-01 5.000000000000000000e-01 5.000000000000000000e-01 5.000000000000000000e-01 5.000000000000000000e-01 5.000000000000000000e-01 5.000000000000000000e-01 5.000000000000000000e-01 5.000000000000000000e-01 5.000000000000000000e-01 5.000000000000000000e-01 5.000000000000000000e-01 5.000000000000000000e-01 5.000000000000000000e-01 5.000000000000000000e-01 5.000000000000000000e-01 5.000000000000000000e-01 5.000000000000000000e-01 5.000000000000000000e-01 5.000000000000000000e-01 5.000000000000000000e-01 5.000000000000000000e-01 5.000000000000000000e-01 5.000000000000000000e-01 5.000000000000000000e-01 5.000000000000000000e-01 5.000000000000000000e-01 5.000000000000000000e-01 5.000000000000000000e-01 5.000000000000000000e-01 5.000000000000000000e-01 5.000000000000000000e-01 5.000000000000000000e-01 5.000000000000000000e-01 5.000000000000000000e-01 5.000000000000000000e-01
5.182847976684570312e-01 7.968829274177551270e-01 8.883559107780456543e-01 5.000000000000000000e-01 5.000000000000000000e-01 5.000000000000000000e-01 5.000000000000000000e-01 5.000000000000000000e-01 5.000000000000000000e-01 5.000000000000000000e-01 5.000000000000000000e-01 5.000000000000000000e-01 5.000000000000000000e-01 5.000000000000000000e-01 5.000000000000000000e-01 5.000000000000000000e-01 5.000000000000000000e-01 5.000000000000000000e-01 5.000000000000000000e-01 5.000000000000000000e-01 5.000000000000000000e-01 5.000000000000000000e-01 5.000000000000000000e-01 5.000000000000000000e-01 5.000000000000000000e-01 5.000000000000000000e-01 5.000000000000000000e-01 5.000000000000000000e-01 5.000000000000000000e-01 5.000000000000000000e-01 5.000000000000000000e-01 5.000000000000000000e-01 5.000000000000000000e-01 5.000000000000000000e-01 5.000000000000000000e-01 5.000000000000000000e-01 5.000000000000000000e-01 5.000000000000000000e-01 5.000000000000000000e-01 5.000000000000000000e-01 5.000000000000000000e-01 5.000000000000000000e-01 5.000000000000000000e-01 5.000000000000000000e-01 5.000000000000000000e-01 5.000000000000000000e-01 5.000000000000000000e-01 5.000000000000000000e-01 5.000000000000000000e-01 5.000000000000000000e-01 5.000000000000000000e-01 5.000000000000000000e-01
7.732004672288894653e-02 3.888436555862426758e-01 1.081345379352569580e-01 5.000000000000000000e-01 5.000000000000000000e-01 5.000000000000000000e-01 5.000000000000000000e-01 5.000000000000000000e-01 5.000000000000000000e-01 5.000000000000000000e-01 5.000000000000000000e-01 5.000000000000000000e-01 5.000000000000000000e-01 5.000000000000000000e-01 5.000000000000000000e-01 5.000000000000000000e-01 5.000000000000000000e-01 5.000000000000000000e-01 5.000000000000000000e-01 5.000000000000000000e-01 5.000000000000000000e-01 5.000000000000000000e-01 5.000000000000000000e-01 5.000000000000000000e-01 5.000000000000000000e-01 5.000000000000000000e-01 5.000000000000000000e-01 5.000000000000000000e-01 5.000000000000000000e-01 5.000000000000000000e-01 5.000000000000000000e-01 5.000000000000000000e-01 5.000000000000000000e-01 5.000000000000000000e-01 5.000000000000000000e-01 5.000000000000000000e-01 5.000000000000000000e-01 5.000000000000000000e-01 5.000000000000000000e-01 5.000000000000000000e-01 5.000000000000000000e-01 5.000000000000000000e-01 5.000000000000000000e-01 5.000000000000000000e-01 5.000000000000000000e-01 5.000000000000000000e-01 5.000000000000000000e-01 5.000000000000000000e-01 5.000000000000000000e-01 5.000000000000000000e-01 5.000000000000000000e-01 5.000000000000000000e-01
5.808869004249572754e-01 5.772439837455749512e-01 2.649293839931488037e-01 5.000000000000000000e-01 5.000000000000000000e-01 5.000000000000000000e-01 5.000000000000000000e-01 5.000000000000000000e-01 5.000000000000000000e-01 5.000000000000000000e-01 5.000000000000000000e-01 5.000000000000000000e-01 5.000000000000000000e-01 5.000000000000000000e-01 5.000000000000000000e-01 5.000000000000000000e-01 5.000000000000000000e-01 5.000000000000000000e-01 5.000000000000000000e-01 5.000000000000000000e-01 5.000000000000000000e-01 5.000000000000000000e-01 5.000000000000000000e-01 5.000000000000000000e-01 5.000000000000000000e-01 5.000000000000000000e-01 5.000000000000000000e-01 5.000000000000000000e-01 5.000000000000000000e-01 5.000000000000000000e-01 5.000000000000000000e-01 5.000000000000000000e-01 5.000000000000000000e-01 5.000000000000000000e-01 5.000000000000000000e-01 5.000000000000000000e-01 5.000000000000000000e-01 5.000000000000000000e-01 5.000000000000000000e-01 5.000000000000000000e-01 5.000000000000000000e-01 5.000000000000000000e-01 5.000000000000000000e-01 5.000000000000000000e-01 5.000000000000000000e-01 5.000000000000000000e-01 5.000000000000000000e-01 5.000000000000000000e-01 5.000000000000000000e-01 5.000000000000000000e-01 5.000000000000000000e-01 5.000000000000000000e-01
2.331684976816177368e-01 1.714500039815902710e-01 9.149635434150695801e-01 5.000000000000000000e-01 5.000000000000000000e-01 5.000000000000000000e-01 5.000000000000000000e-01 5.000000000000000000e-01 5.000000000000000000e-01 5.000000000000000000e-01 5.000000000000000000e-01 5.000000000000000000e-01 5.000000000000000000e-01 5.000000000000000000e-01 5.000000000000000000e-01 5.000000000000000000e-01 5.000000000000000000e-01 5.000000000000000000e-01 5.000000000000000000e-01 5.000000000000000000e-01 5.000000000000000000e-01 5.000000000000000000e-01 5.000000000000000000e-01 5.000000000000000000e-01 5.000000000000000000e-01 5.000000000000000000e-01 5.000000000000000000e-01 5.000000000000000000e-01 5.000000000000000000e-01 5.000000000000000000e-01 5.000000000000000000e-01 5.000000000000000000e-01 5.000000000000000000e-01 5.000000000000000000e-01 5.000000000000000000e-01 5.000000000000000000e-01 5.000000000000000000e-01 5.000000000000000000e-01 5.000000000000000000e-01 5.000000000000000000e-01 5.000000000000000000e-01 5.000000000000000000e-01 5.000000000000000000e-01 5.000000000000000000e-01 5.000000000000000000e-01 5.000000000000000000e-01 5.000000000000000000e-01 5.000000000000000000e-01 5.000000000000000000e-01 5.000000000000000000e-01 5.000000000000000000e-01 5.000000000000000000e-01
8.924390673637390137e-01 6.692227721214294434e-01 6.991442441940307617e-01 5.000000000000000000e-01 5.000000000000000000e-01 5.000000000000000000e-01 5.000000000000000000e-01 5.000000000000000000e-01 5.000000000000000000e-01 5.000000000000000000e-01 5.000000000000000000e-01 5.000000000000000000e-01 5.000000000000000000e-01 5.000000000000000000e-01 5.000000000000000000e-01 5.000000000000000000e-01 5.000000000000000000e-01 5.000000000000000000e-01 5.000000000000000000e-01 5.000000000000000000e-01 5.000000000000000000e-01 5.000000000000000000e-01 5.000000000000000000e-01 5.000000000000000000e-01 5.000000000000000000e-01 5.000000000000000000e-01 5.000000000000000000e-01 5.000000000000000000e-01 5.000000000000000000e-01 5.000000000000000000e-01 5.000000000000000000e-01 5.000000000000000000e-01 5.000000000000000000e-01 5.000000000000000000e-01 5.000000000000000000e-01 5.000000000000000000e-01 5.000000000000000000e-01 5.000000000000000000e-01 5.000000000000000000e-01 5.000000000000000000e-01 5.000000000000000000e-01 5.000000000000000000e-01 5.000000000000000000e-01 5.000000000000000000e-01 5.000000000000000000e-01 5.000000000000000000e-01 5.000000000000000000e-01 5.000000000000000000e-01 5.000000000000000000e-01 5.000000000000000000e-01 5.000000000000000000e-01 5.000000000000000000e-01
7.333281636238098145e-01 9.776389002799987793e-01 8.213584870100021362e-02 5.000000000000000000e-01 5.000000000000000000e-01 5.000000000000000000e-01 5.000000000000000000e-01 5.000000000000000000e-01 5.000000000000000000e-01 5.000000000000000000e-01 5.000000000000000000e-01 5.000000000000000000e-01 5.000000000000000000e-01 5.000000000000000000e-01 5.000000000000000000e-01 5.000000000000000000e-01 5.000000000000000000e-01 5.000000000000000000e-01 5.000000000000000000e-01 5.000000000000000000e-01 5.000000000000000000e-01 5.000000000000000000e-01 5.000000000000000000e-01 5.000000000000000000e-01 5.000000000000000000e-01 5.000000000000000000e-01 5.000000000000000000e-01 5.000000000000000000e-01 5.000000000000000000e-01 5.000000000000000000e-01 5.000000000000000000e-01 5.000000000000000000e-01 5.000000000000000000e-01 5.000000000000000000e-01 5.000000000000000000e-01 5.000000000000000000e-01 5.000000000000000000e-01 5.000000000000000000e-01 5.000000000000000000e-01 5.000000000000000000e-01 5.000000000000000000e-01 5.000000000000000000e-01 5.000000000000000000e-01 5.000000000000000000e-01 5.000000000000000000e-01 5.000000000000000000e-01 5.000000000000000000e-01 5.000000000000000000e-01 5.000000000000000000e-01 5.000000000000000000e-01 5.000000000000000000e-01 5.000000000000000000e-01
2.004020363092422485e-01 3.523493409156799316e-01 3.910058438777923584e-01 5.000000000000000000e-01 5.000000000000000000e-01 5.000000000000000000e-01 5.000000000000000000e-01 5.000000000000000000e-01 5.000000000000000000e-01 5.000000000000000000e-01 5.000000000000000000e-01 5.000000000000000000e-01 5.000000000000000000e-01 5.000000000000000000e-01 5.000000000000000000e-01 5.000000000000000000e-01 5.000000000000000000e-01 5.000000000000000000e-01 5.000000000000000000e-01 5.000000000000000000e-01 5.000000000000000000e-01 5.000000000000000000e-01 5.000000000000000000e-01 5.000000000000000000e-01 5.000000000000000000e-01 5.000000000000000000e-01 5.000000000000000000e-01 5.000000000000000000e-01 5.000000000000000000e-01 5.000000000000000000e-01 5.000000000000000000e-01 5.000000000000000000e-01 5.000000000000000000e-01 5.000000000000000000e-01 5.000000000000000000e-01 5.000000000000000000e-01 5.000000000000000000e-01 5.000000000000000000e-01 5.000000000000000000e-01 5.000000000000000000e-01 5.000000000000000000e-01 5.000000000000000000e-01 5.000000000000000000e-01 5.000000000000000000e-01 5.000000000000000000e-01 5.000000000000000000e-01 5.000000000000000000e-01 5.000000000000000000e-01 5.000000000000000000e-01 5.000000000000000000e-01 5.000000000000000000e-01 5.000000000000000000e-01
4.217252731323242188e-01 8.283438682556152344e-01 5.436697602272033691e-01 5.000000000000000000e-01 5.000000000000000000e-01 5.000000000000000000e-01 5.000000000000000000e-01 5.000000000000000000e-01 5.000000000000000000e-01 5.000000000000000000e-01 5.000000000000000000e-01 5.000000000000000000e-01 5.000000000000000000e-01 5.000000000000000000e-01 5.000000000000000000e-01 5.000000000000000000e-01 5.000000000000000000e-01 5.000000000000000000e-01 5.000000000000000000e-01 5.000000000000000000e-01 5.000000000000000000e-01 5.000000000000000000e-01 5.000000000000000000e-01 5.000000000000000000e-01 5.000000000000000000e-01 5.000000000000000000e-01 5.000000000000000000e-01 5.000000000000000000e-01 5.000000000000000000e-01 5.000000000000000000e-01 5.000000000000000000e-01 5.000000000000000000e-01 5.000000000000000000e-01 5.000000000000000000e-01 5.000000000000000000e-01 5.000000000000000000e-01 5.000000000000000000e-01 5.000000000000000000e-01 5.000000000000000000e-01 5.000000000000000000e-01 5.000000000000000000e-01 5.000000000000000000e-01 5.000000000000000000e-01 5.000000000000000000e-01 5.000000000000000000e-01 5.000000000000000000e-01 5.000000000000000000e-01 5.000000000000000000e-01 5.000000000000000000e-01 5.000000000000000000e-01 5.000000000000000000e-01 5.000000000000000000e-01
