# MPMC pretrained pointset
# Contains following parameters (refer to QMCPy's MPMC documentation for more details): 
# 'loss_fn': L2ctr
# 'lr': 0.001
# 'nlayers': 3
# 'weight_decay': 1e-06
# 'nhid': 32
# 'nbatch': 1
# 'epochs': 200000
# 'start_reduce': 100000
# 'radius': 0.35
# 'weights': None
# 'n_projections': 15
2 #d, the number of dimensions
64 #n, the number of points
4.756734669208526611e-01 8.237999081611633301e-01
1.458923220634460449e-01 4.633038938045501709e-01
7.271362543106079102e-01 9.796312451362609863e-01
8.194268345832824707e-01 3.542925715446472168e-01
8.842658400535583496e-01 7.169393301010131836e-01
4.616231322288513184e-01 1.774007827043533325e-01
4.881723523139953613e-01 4.910108447074890137e-01
9.049941301345825195e-01 2.612377889454364777e-02
2.379548698663711548e-01 2.013078182935714722e-01
6.016415953636169434e-01 2.465630322694778442e-01
4.581606984138488770e-01 5.073879957199096680e-01
5.029422640800476074e-01 8.191472887992858887e-01
1.931319236755371094e-01 9.323194622993469238e-01
2.937380224466323853e-02 2.955071069300174713e-02
6.515566706657409668e-01 6.884555220603942871e-01
2.987533509731292725e-01 5.658140182495117188e-01
5.333874821662902832e-01 5.280878543853759766e-01
9.424101710319519043e-01 3.097902238368988037e-01
5.514764785766601562e-01 7.843539118766784668e-01
1.771215796470642090e-01 5.271392464637756348e-01
4.110397696495056152e-01 3.068609833717346191e-01
6.815724372863769531e-01 8.657739162445068359e-01
3.284699916839599609e-01 5.704350024461746216e-02
5.306029915809631348e-01 3.713065385818481445e-01
7.149737477302551270e-01 3.986583054065704346e-01
4.269197583198547363e-01 8.822344541549682617e-01
7.888597249984741211e-01 9.443312883377075195e-01
3.217216432094573975e-01 7.782735228538513184e-01
2.716554701328277588e-01 7.439794540405273438e-01
8.497123718261718750e-01 8.195343017578125000e-01
2.944160066545009613e-02 9.701582193374633789e-01
1.303435266017913818e-01 6.628240346908569336e-01
5.003448724746704102e-01 2.628614008426666260e-01
3.583071529865264893e-01 9.090389609336853027e-01
9.362847805023193359e-01 7.660056948661804199e-01
1.567046791315078735e-01 6.011801362037658691e-01
2.322028428316116333e-01 8.127927780151367188e-01
2.928749620914459229e-01 2.397897839546203613e-01
5.612907409667968750e-01 1.827240139245986938e-01
7.251110672950744629e-02 8.516061305999755859e-01
4.360467493534088135e-01 4.372994303703308105e-01
1.786515414714813232e-01 1.569174528121948242e-01
3.815770447254180908e-01 8.777696639299392700e-02
7.885994911193847656e-01 1.244519054889678955e-01
7.535438537597656250e-01 5.499845147132873535e-01
6.444617509841918945e-01 9.207339584827423096e-02
2.704994678497314453e-01 4.140820205211639404e-01
9.144577383995056152e-01 5.879129171371459961e-01
8.523610830307006836e-01 2.209462076425552368e-01
6.282908320426940918e-01 4.666444659233093262e-01
9.370997548103332520e-02 3.361240923404693604e-01
3.954035341739654541e-01 6.356950998306274414e-01
6.875197291374206543e-01 2.747694253921508789e-01
6.068586558103561401e-02 2.733782827854156494e-01
7.388079762458801270e-01 6.196181848645210266e-02
5.934892296791076660e-01 8.450210094451904297e-01
9.875771403312683105e-02 7.111044526100158691e-01
9.766983389854431152e-01 1.645763665437698364e-01
6.204262375831604004e-01 6.201548576354980469e-01
8.123870491981506348e-01 6.512913107872009277e-01
2.065277695655822754e-01 3.765983581542968750e-01
1.280467659235000610e-01 1.137852445244789124e-01
8.831456303596496582e-01 4.346917271614074707e-01
9.732602834701538086e-01 9.049650430679321289e-01
