# MPMC pretrained pointset
# Contains following parameters (refer to QMCPy's MPMC documentation for more details): 
# 'loss_fn': L2mix
# 'lr': 0.001
# 'nlayers': 3
# 'weight_decay': 1e-06
# 'nhid': 32
# 'nbatch': 1
# 'epochs': 200000
# 'start_reduce': 100000
# 'radius': 0.35
# 'weights': None
# 'n_projections': 15
2 #d, the number of dimensions
80 #n, the number of points
9.317048192024230957e-01 6.325706839561462402e-01
1.425600945949554443e-01 6.937841176986694336e-01
7.997642457485198975e-02 5.434734821319580078e-01
8.553236126899719238e-01 9.564064145088195801e-01
5.050048828125000000e-01 8.136025071144104004e-02
5.675056576728820801e-02 9.427118301391601562e-01
7.690342068672180176e-01 3.442671298980712891e-01
6.178047060966491699e-01 9.783033728599548340e-01
1.578742116689682007e-01 4.810912907123565674e-01
9.534471482038497925e-02 4.297357201576232910e-01
3.046826422214508057e-01 5.302975177764892578e-01
3.424826264381408691e-01 2.687516212463378906e-01
9.819737672805786133e-01 8.328722119331359863e-01
5.818530321121215820e-01 1.990796998143196106e-02
1.768513210117816925e-02 7.563502192497253418e-01
2.817888259887695312e-01 7.308585643768310547e-01
4.952485561370849609e-01 8.198940157890319824e-01
8.825374245643615723e-01 7.198223471641540527e-01
1.315400153398513794e-01 2.945476770401000977e-01
3.218389675021171570e-02 6.428670883178710938e-01
5.331978201866149902e-01 8.963922262191772461e-01
7.329747080802917480e-01 5.675305426120758057e-02
1.938381642103195190e-01 7.934967279434204102e-01
6.799080967903137207e-01 8.685310482978820801e-01
6.047533154487609863e-01 6.807979345321655273e-01
6.682121157646179199e-01 1.590314209461212158e-01
3.796525001525878906e-01 4.677118360996246338e-01
1.812625080347061157e-01 2.429182380437850952e-01
4.416539072990417480e-01 7.795717716217041016e-01
2.438370138406753540e-01 9.190019965171813965e-01
5.911827683448791504e-01 3.939816355705261230e-01
6.912577748298645020e-01 4.571284949779510498e-01
4.551761448383331299e-01 5.060021877288818359e-01
8.311792612075805664e-01 7.686591744422912598e-01
4.459188878536224365e-02 3.554624319076538086e-01
2.314043641090393066e-01 3.837744891643524170e-01
5.562242865562438965e-01 1.333958208560943604e-01
7.066987752914428711e-01 5.561400055885314941e-01
3.672782182693481445e-01 2.047710865736007690e-01
7.928261160850524902e-01 9.535545110702514648e-02
4.067595303058624268e-01 1.187002286314964294e-01
3.560886383056640625e-01 8.426039814949035645e-01
4.692184031009674072e-01 2.201037406921386719e-01
3.936461806297302246e-01 6.668829917907714844e-01
1.071973964571952820e-01 8.556686043739318848e-01
9.065424203872680664e-01 1.446418315172195435e-01
1.183590665459632874e-01 6.907111406326293945e-02
8.446613550186157227e-01 1.935891509056091309e-01
4.291965067386627197e-01 3.684491217136383057e-01
2.552583217620849609e-01 1.693896502256393433e-01
2.670601010322570801e-01 6.206563115119934082e-01
9.922732710838317871e-01 2.315848171710968018e-01
5.673788189888000488e-01 7.070052027702331543e-01
7.410604953765869141e-01 8.064066171646118164e-01
6.553065776824951172e-01 7.453145980834960938e-01
1.692314893007278442e-01 9.667432308197021484e-01
6.282364130020141602e-01 4.420100450515747070e-01
8.682832717895507812e-01 5.207363963127136230e-01
7.805067300796508789e-01 9.319708347320556641e-01
2.175195664167404175e-01 4.462366178631782532e-02
6.750812381505966187e-02 1.071254536509513855e-01
5.419255495071411133e-01 3.077905774116516113e-01
8.045511841773986816e-01 4.181159138679504395e-01
8.192141056060791016e-01 4.933077692985534668e-01
7.200028896331787109e-01 2.548454105854034424e-01
5.196223258972167969e-01 5.964088439941406250e-01
7.555636763572692871e-01 6.543865799903869629e-01
9.437754154205322266e-01 9.076036214828491211e-01
3.178020417690277100e-01 3.319791555404663086e-01
7.728323806077241898e-03 1.826899200677871704e-01
3.302289247512817383e-01 8.819871544837951660e-01
8.928610086441040039e-01 3.227259591221809387e-02
4.821304082870483398e-01 5.690307617187500000e-01
6.429685950279235840e-01 2.818829119205474854e-01
9.688490629196166992e-01 4.054251611232757568e-01
2.072262465953826904e-01 5.825900435447692871e-01
2.930904030799865723e-01 7.624257821589708328e-03
4.173765778541564941e-01 9.920619726181030273e-01
9.161155223846435547e-01 6.063121557235717773e-01
9.527771472930908203e-01 3.187482357025146484e-01
