# MPMC pretrained pointset
# Contains following parameters (refer to QMCPy's MPMC documentation for more details): 
# 'loss_fn': L2dis
# 'lr': 0.001
# 'nlayers': 3
# 'weight_decay': 1e-06
# 'nhid': 32
# 'nbatch': 1
# 'epochs': 200000
# 'start_reduce': 100000
# 'radius': 0.35
# 'weights': None
# 'n_projections': 15
2 #d, the number of dimensions
80 #n, the number of points
7.381054162979125977e-01 4.460527002811431885e-01
9.316983819007873535e-01 7.129015326499938965e-01
9.090241789817810059e-01 9.117869734764099121e-01
2.483085542917251587e-01 6.095530390739440918e-01
1.668939739465713501e-02 1.450819820165634155e-01
6.757535040378570557e-02 3.628873825073242188e-02
1.801147013902664185e-01 3.466820418834686279e-01
9.453346133232116699e-01 4.498421028256416321e-02
7.468593716621398926e-01 8.899636864662170410e-01
2.135722339153289795e-01 4.577001631259918213e-01
3.559089899063110352e-01 2.489627897739410400e-01
6.484307050704956055e-01 5.566569566726684570e-01
5.309540033340454102e-01 3.831669390201568604e-01
1.559611409902572632e-01 2.004553824663162231e-01
5.812440514564514160e-01 8.626949787139892578e-01
3.981789648532867432e-01 8.246638774871826172e-01
9.194746613502502441e-01 4.086274206638336182e-01
7.850893735885620117e-01 6.658228486776351929e-02
7.202912569046020508e-01 2.349978685379028320e-01
5.219021439552307129e-01 9.878888726234436035e-01
1.419504880905151367e-01 8.069546818733215332e-01
7.971739768981933594e-02 4.955983161926269531e-01
5.003152489662170410e-01 6.493806242942810059e-01
3.890739083290100098e-01 1.181057617068290710e-01
5.954529643058776855e-01 2.350355498492717743e-02
3.415562808513641357e-01 7.022912502288818359e-01
3.119309246540069580e-01 5.409581065177917480e-01
6.618667840957641602e-01 2.628798484802246094e-01
7.574619650840759277e-01 1.588388532400131226e-01
9.621250033378601074e-01 4.830743968486785889e-01
9.843121170997619629e-01 2.708706259727478027e-01
3.022281527519226074e-01 8.778645992279052734e-01
2.652859091758728027e-01 4.190292358398437500e-01
7.989535331726074219e-01 6.210197210311889648e-01
1.992018371820449829e-01 2.971476316452026367e-01
4.770240560173988342e-02 6.350333094596862793e-01
8.996276855468750000e-01 2.111535817384719849e-01
8.354529738426208496e-01 5.816788077354431152e-01
9.727007150650024414e-01 7.993395328521728516e-01
2.900797426700592041e-01 5.727588757872581482e-02
5.120124220848083496e-01 8.070977777242660522e-02
5.553264617919921875e-01 1.860951185226440430e-01
6.701411008834838867e-01 9.373815655708312988e-01
7.086974978446960449e-01 6.613201498985290527e-01
4.442219436168670654e-01 3.623991012573242188e-01
1.184104308485984802e-01 9.031365513801574707e-01
3.722463548183441162e-01 4.749729931354522705e-01
7.721701860427856445e-01 7.505385875701904297e-01
4.258025288581848145e-01 8.765998296439647675e-03
2.371734827756881714e-01 2.225736826658248901e-01
2.227646857500076294e-01 8.474393486976623535e-01
5.770422518253326416e-02 9.501073360443115234e-01
1.113093420863151550e-01 5.695202946662902832e-01
4.570482969284057617e-01 7.385766506195068359e-01
3.544787317514419556e-02 2.778935730457305908e-01
2.770895957946777344e-01 6.754901409149169922e-01
7.057778071612119675e-03 7.741944789886474609e-01
5.729472041130065918e-01 4.338456988334655762e-01
4.356061220169067383e-01 9.232953190803527832e-01
4.702048003673553467e-01 3.159499764442443848e-01
3.271479904651641846e-01 1.699223965406417847e-01
3.485675454139709473e-01 9.722563028335571289e-01
1.674560308456420898e-01 7.217600941658020020e-01
1.314009726047515869e-01 9.537548571825027466e-02
8.261529207229614258e-01 8.347748517990112305e-01
6.826753616333007812e-01 1.303481459617614746e-01
6.943313479423522949e-01 6.904063820838928223e-01
5.428320765495300293e-01 7.614214420318603516e-01
9.660833328962326050e-02 3.981981575489044189e-01
4.858718216419219971e-01 5.095584988594055176e-01
6.187393069267272949e-01 3.311518132686614990e-01
8.654821515083312988e-01 1.059548556804656982e-01
8.136860132217407227e-01 3.051578104496002197e-01
6.330186128616333008e-01 5.266609191894531250e-01
4.101086258888244629e-01 5.923018455505371094e-01
8.835920095443725586e-01 5.174099802970886230e-01
6.071009039878845215e-01 7.925875782966613770e-01
9.960513710975646973e-01 9.827129840850830078e-01
8.733661174774169922e-01 9.631753563880920410e-01
8.479995131492614746e-01 3.721332252025604248e-01
