# MPMC pretrained pointset
# Contains following parameters (refer to QMCPy's MPMC documentation for more details): 
# 'loss_fn': L2dis
# 'lr': 0.001
# 'nlayers': 3
# 'weight_decay': 1e-06
# 'nhid': 32
# 'nbatch': 1
# 'epochs': 200000
# 'start_reduce': 100000
# 'radius': 0.35
# 'weights': None
# 'n_projections': 15
2 #d, the number of dimensions
64 #n, the number of points
7.909262180328369141e-01 7.961888313293457031e-01
1.384432315826416016e-01 7.729155570268630981e-02
8.475331664085388184e-01 5.926298350095748901e-02
8.787314891815185547e-01 3.026878535747528076e-01
9.434143304824829102e-01 3.294315636157989502e-01
1.208938136696815491e-01 7.791202664375305176e-01
1.832812577486038208e-01 5.506971478462219238e-01
5.452858209609985352e-01 7.609698176383972168e-01
7.461276054382324219e-01 9.279649257659912109e-01
7.758730053901672363e-01 3.910328745841979980e-01
9.264156222343444824e-01 8.417421579360961914e-01
4.227771162986755371e-01 4.486731588840484619e-01
3.407244384288787842e-01 1.612990498542785645e-01
9.568079710006713867e-01 9.032601714134216309e-01
4.775443971157073975e-01 8.092067837715148926e-01
9.869044423103332520e-01 5.416621565818786621e-01
5.729921460151672363e-01 9.628753662109375000e-01
7.346593737602233887e-01 1.228766813874244690e-01
6.000092625617980957e-01 7.161763906478881836e-01
7.032328099012374878e-02 6.768493056297302246e-01
4.424918293952941895e-01 5.812528729438781738e-01
2.362865209579467773e-01 8.757594227790832520e-01
8.559737354516983032e-02 3.392807841300964355e-01
5.600413680076599121e-01 5.005930736660957336e-02
2.239766716957092285e-01 2.747833728790283203e-01
8.610523343086242676e-01 7.296308279037475586e-01
7.575184106826782227e-01 5.661863684654235840e-01
8.037819266319274902e-01 9.149200469255447388e-02
1.067384779453277588e-01 4.102512598037719727e-01
5.122168064117431641e-01 4.270880818367004395e-01
5.845652222633361816e-01 2.915193438529968262e-01
4.916421175003051758e-01 2.524596452713012695e-01
2.873959019780158997e-02 6.348524093627929688e-01
5.311214327812194824e-01 5.299249887466430664e-01
9.674012660980224609e-01 4.364578425884246826e-01
6.520162820816040039e-01 1.753361821174621582e-01
8.970692753791809082e-01 6.474556922912597656e-01
9.153303503990173340e-01 2.038783133029937744e-01
1.559107601642608643e-01 5.031617283821105957e-01
1.708055436611175537e-01 8.291206955909729004e-01
2.658979594707489014e-01 7.396587133407592773e-01
8.265191912651062012e-01 5.143492221832275391e-01
1.540775317698717117e-02 1.539589371532201767e-02
6.815149188041687012e-01 2.173848450183868408e-01
3.132800161838531494e-01 9.450778961181640625e-01
4.098161160945892334e-01 8.539373874664306641e-01
3.977750837802886963e-01 3.160005807876586914e-01
2.013340294361114502e-01 1.083686500787734985e-01
3.593439161777496338e-01 6.983207464218139648e-01
6.170939803123474121e-01 3.579926788806915283e-01
9.997590184211730957e-01 7.581405043601989746e-01
6.974254846572875977e-01 6.618287563323974609e-01
2.829538881778717041e-01 1.393763720989227295e-01
6.660999059677124023e-01 8.903769254684448242e-01
5.735940113663673401e-02 9.135456085205078125e-01
7.139086723327636719e-01 4.642964899539947510e-01
6.352673172950744629e-01 6.191974878311157227e-01
3.223564028739929199e-01 6.016285419464111328e-01
3.756166696548461914e-01 1.956534534692764282e-01
4.336872696876525879e-01 9.820870161056518555e-01
5.000983551144599915e-02 2.330012321472167969e-01
3.019013404846191406e-01 4.799286723136901855e-01
2.504668235778808594e-01 3.770669698715209961e-01
4.609513282775878906e-01 3.207604214549064636e-02
