# MPMC pretrained pointset
# Contains following parameters (refer to QMCPy's MPMC documentation for more details): 
# 'loss_fn': L2dis
# 'lr': 0.001
# 'nlayers': 3
# 'weight_decay': 1e-06
# 'nhid': 32
# 'nbatch': 1
# 'epochs': 200000
# 'start_reduce': 100000
# 'radius': 0.35
# 'weights': None
# 'n_projections': 15
2 #d, the number of dimensions
128 #n, the number of points
7.880609482526779175e-02 6.474795937538146973e-01
9.222738146781921387e-01 8.999454975128173828e-01
2.513527274131774902e-01 9.507830739021301270e-01
6.393154859542846680e-01 4.368525147438049316e-01
3.659373149275779724e-02 2.876512706279754639e-01
6.464215517044067383e-01 8.582912087440490723e-01
9.461156129837036133e-01 6.693826317787170410e-01
5.676205158233642578e-01 9.819005131721496582e-01
1.596222072839736938e-01 4.287866950035095215e-01
9.381785392761230469e-01 4.842338263988494873e-01
9.887511134147644043e-01 8.086536526679992676e-01
6.232374906539916992e-02 2.145012766122817993e-01
9.822132587432861328e-01 3.507450819015502930e-01
4.754721224308013916e-01 9.412205219268798828e-01
2.383774369955062866e-01 7.960762381553649902e-01
3.786625266075134277e-01 3.560998141765594482e-01
2.664838433265686035e-01 6.894475817680358887e-01
2.883439660072326660e-01 2.610819041728973389e-01
6.283777356147766113e-01 1.308162510395050049e-01
2.430388517677783966e-02 3.725109994411468506e-01
1.215215325355529785e-01 7.016123831272125244e-02
1.855410188436508179e-01 5.536596477031707764e-02
4.203673899173736572e-01 1.170583255589008331e-02
2.916731312870979309e-02 8.685558438301086426e-01
5.534214973449707031e-01 3.026483654975891113e-01
9.887894988059997559e-02 1.408008038997650146e-01
7.631728053092956543e-01 9.145691990852355957e-01
8.647426962852478027e-01 3.375552296638488770e-01
9.544315934181213379e-01 1.798667758703231812e-01
3.550714552402496338e-01 9.066765904426574707e-01
3.961613178253173828e-01 8.361198306083679199e-01
5.617064833641052246e-01 5.566219687461853027e-01
3.157230019569396973e-01 2.908366732299327850e-02
4.506604373455047607e-01 4.902151226997375488e-01
4.377357065677642822e-01 2.768849134445190430e-01
4.118068218231201172e-01 6.285784840583801270e-01
6.979951858520507812e-01 8.763537406921386719e-01
6.614822149276733398e-01 5.884015560150146484e-01
4.304594695568084717e-01 6.741421818733215332e-01
9.278292059898376465e-01 1.256354153156280518e-01
2.567977905273437500e-01 1.096383780241012573e-01
9.054515361785888672e-01 5.316960811614990234e-01
6.904698610305786133e-01 3.637219667434692383e-01
6.221037507057189941e-01 8.273152112960815430e-01
1.487988084554672241e-01 5.378460288047790527e-01
6.850464344024658203e-01 9.733205437660217285e-01
5.477718114852905273e-01 9.313479065895080566e-01
5.244804620742797852e-01 2.510539591312408447e-01
3.236590027809143066e-01 7.757462263107299805e-01
2.127853482961654663e-01 6.622456312179565430e-01
6.530362963676452637e-01 1.940208375453948975e-01
5.971668362617492676e-01 8.039431571960449219e-01
5.902472734451293945e-01 3.967435061931610107e-01
7.772140502929687500e-01 7.684338092803955078e-01
5.083074569702148438e-01 1.640944331884384155e-01
7.840135693550109863e-01 4.816404730081558228e-02
3.896144032478332520e-01 1.861434578895568848e-01
9.724862575531005859e-01 7.388916015625000000e-01
7.034147977828979492e-01 4.698739051818847656e-01
1.677879244089126587e-01 7.246923446655273438e-01
2.310434132814407349e-01 4.785640835762023926e-01
1.299525350332260132e-01 7.602008581161499023e-01
5.334034562110900879e-01 7.334513068199157715e-01
1.400456279516220093e-01 1.208306103944778442e-01
8.740296363830566406e-01 7.171499133110046387e-01
3.499761819839477539e-01 7.485900521278381348e-01
3.306446373462677002e-01 3.308329284191131592e-01
1.543380971997976303e-02 5.192669034004211426e-01
2.031445354223251343e-01 4.059104025363922119e-01
8.357995152473449707e-01 6.046293973922729492e-01
8.808663487434387207e-01 2.357869893312454224e-01
9.665611386299133301e-01 2.661549746990203857e-01
4.823237359523773193e-01 5.472294092178344727e-01
8.230177760124206543e-01 3.803084492683410645e-01
2.440210431814193726e-01 3.111431896686553955e-01
1.750768125057220459e-01 3.441196084022521973e-01
5.811153650283813477e-01 6.387207508087158203e-01
6.727691888809204102e-01 4.580195061862468719e-03
8.941069990396499634e-02 9.910133481025695801e-01
7.476821541786193848e-01 7.422010898590087891e-01
8.934333324432373047e-01 8.664961159229278564e-02
4.700555801391601562e-01 9.378832578659057617e-02
3.594515919685363770e-01 8.230990171432495117e-02
7.553123831748962402e-01 2.699390053749084473e-01
4.454015493392944336e-01 8.941235542297363281e-01
5.730352997779846191e-01 2.251069061458110809e-02
4.028762280941009521e-01 4.618113934993743896e-01
2.817216515541076660e-01 8.843108415603637695e-01
7.687660455703735352e-01 2.963601648807525635e-01
5.477951839566230774e-03 4.513244628906250000e-01
7.012082636356353760e-02 6.122301220893859863e-01
8.507488369941711426e-01 9.568041563034057617e-01
3.689606785774230957e-01 5.684372186660766602e-01
1.947614401578903198e-01 7.096835374832153320e-01
7.135060429573059082e-01 1.018251255154609680e-01
8.559060096740722656e-01 5.628785490989685059e-01
9.150111675262451172e-01 4.119377732276916504e-01
7.946087121963500977e-01 4.442725777626037598e-01
4.606201648712158203e-01 4.184169173240661621e-01
7.214625477790832520e-01 6.832804083824157715e-01
4.542831331491470337e-02 8.465232849121093750e-01
5.033621191978454590e-02 2.412491440773010254e-01
8.984495401382446289e-01 8.517977595329284668e-01
6.804330945014953613e-01 6.208508014678955078e-01
6.148201227188110352e-01 4.993219077587127686e-01
1.040738299489021301e-01 8.146917223930358887e-01
5.155612230300903320e-01 7.001339197158813477e-01
2.972062230110168457e-01 5.074454545974731445e-01
7.408671975135803223e-01 5.258094072341918945e-01
3.065021038055419922e-01 5.971621870994567871e-01
5.404607653617858887e-01 3.227334022521972656e-01
3.420488238334655762e-01 3.876409232616424561e-01
2.192849218845367432e-01 3.952923789620399475e-02
8.120723962783813477e-01 1.576014608144760132e-01
9.991551637649536133e-01 9.379864335060119629e-01
9.957798719406127930e-01 5.753483772277832031e-01
2.745143473148345947e-01 2.032688558101654053e-01
8.030329942703247070e-01 6.555297970771789551e-01
8.623751997947692871e-02 1.734874695539474487e-01
1.127716675400733948e-01 5.790594220161437988e-01
8.446825146675109863e-01 6.350348144769668579e-02
4.983278512954711914e-01 7.852869033813476562e-01
4.910248219966888428e-01 1.507945954799652100e-01
1.176987960934638977e-01 9.655947089195251465e-01
7.310467958450317383e-01 2.293940931558609009e-01
1.548569202423095703e-01 9.220659136772155762e-01
6.047840118408203125e-01 2.225137650966644287e-01
8.289377689361572266e-01 8.203411698341369629e-01
