# MPMC pretrained pointset
# Contains following parameters (refer to QMCPy's MPMC documentation for more details): 
# 'loss_fn': L2mix
# 'lr': 0.001
# 'nlayers': 3
# 'weight_decay': 1e-06
# 'nhid': 32
# 'nbatch': 1
# 'epochs': 200000
# 'start_reduce': 100000
# 'radius': 0.35
# 'weights': None
# 'n_projections': 15
2 #d, the number of dimensions
100 #n, the number of points
6.267202552407979965e-03 7.846791148185729980e-01
1.544244438409805298e-01 4.651845991611480713e-01
6.846663355827331543e-01 2.772160060703754425e-02
6.545513272285461426e-01 9.823090434074401855e-01
2.140820026397705078e-01 9.538428187370300293e-01
5.956861972808837891e-01 3.525533080101013184e-01
8.765267133712768555e-01 3.434268534183502197e-01
5.350228548049926758e-01 1.705828122794628143e-02
6.236922740936279297e-01 5.556072592735290527e-01
4.749194085597991943e-01 9.936478734016418457e-01
6.051043868064880371e-01 9.049494266510009766e-01
5.052204728126525879e-01 6.958112120628356934e-01
1.356732547283172607e-01 3.360134065151214600e-01
2.647756636142730713e-01 3.242885172367095947e-01
7.438424825668334961e-01 7.759634256362915039e-01
2.354179620742797852e-01 1.347223669290542603e-01
9.818407893180847168e-01 5.341666936874389648e-01
5.837177038192749023e-01 2.163591831922531128e-01
7.421110570430755615e-02 5.042586326599121094e-01
2.957263886928558350e-01 5.671609565615653992e-02
1.963018923997879028e-01 4.260394275188446045e-01
4.366420805454254150e-01 3.132446110248565674e-01
1.847787499427795410e-01 6.058620214462280273e-01
1.231754943728446960e-01 5.655098557472229004e-01
1.404548343271017075e-02 1.645333319902420044e-01
5.764099359512329102e-01 7.654032111167907715e-01
8.646736145019531250e-01 1.142786294221878052e-01
2.069739103317260742e-01 1.954316347837448120e-01
3.246322274208068848e-01 3.742806911468505859e-01
3.543975949287414551e-01 4.148759245872497559e-01
6.747884154319763184e-01 6.845891475677490234e-01
9.938520193099975586e-01 6.145493984222412109e-01
6.355506181716918945e-01 6.536834836006164551e-01
3.147706687450408936e-01 8.348290920257568359e-01
6.469720602035522461e-02 2.440868169069290161e-01
8.055897951126098633e-01 5.956620573997497559e-01
3.570489957928657532e-02 8.544501662254333496e-01
3.445596992969512939e-01 6.214627530425786972e-03
4.550029039382934570e-01 8.454361557960510254e-02
5.520834326744079590e-01 4.040354788303375244e-01
9.226599931716918945e-01 2.359950095415115356e-01
5.251890420913696289e-01 7.359813451766967773e-01
5.646082162857055664e-01 5.148289203643798828e-01
7.941972017288208008e-01 3.936451077461242676e-01
7.848019003868103027e-01 9.616923928260803223e-01
7.350085973739624023e-01 2.923700511455535889e-01
9.632799029350280762e-02 3.594255447387695312e-02
6.938252449035644531e-01 4.441414475440979004e-01
2.252196073532104492e-01 6.748354434967041016e-01
7.559714317321777344e-01 4.751728177070617676e-01
7.749313116073608398e-01 2.044485062360763550e-01
7.155381441116333008e-01 5.751808881759643555e-01
5.310818180441856384e-02 6.458479166030883789e-01
9.562097191810607910e-01 8.848936557769775391e-01
8.254261612892150879e-01 3.046533167362213135e-01
3.741115033626556396e-01 2.262965887784957886e-01
1.033663675189018250e-01 9.230559468269348145e-01
5.437157750129699707e-01 8.753828406333923340e-01
3.959789574146270752e-01 4.856437444686889648e-01
9.044089317321777344e-01 6.549863517284393311e-02
2.454370409250259399e-01 5.255649089813232422e-01
6.455855369567871094e-01 1.848725229501724243e-01
8.602336049079895020e-02 7.139895558357238770e-01
7.655783295631408691e-01 8.457407355308532715e-01
9.730682373046875000e-01 2.643809318542480469e-01
9.618825912475585938e-01 1.555920690298080444e-01
8.447355031967163086e-01 4.965102374553680420e-01
1.132612079381942749e-01 2.850557565689086914e-01
4.659929871559143066e-01 4.547504186630249023e-01
8.845872282981872559e-01 7.061380147933959961e-01
2.756889164447784424e-01 7.943050265312194824e-01
3.651685118675231934e-01 8.644742965698242188e-01
2.852409482002258301e-01 2.548199892044067383e-01
7.035484910011291504e-01 8.045293092727661133e-01
4.454830884933471680e-01 8.155144453048706055e-01
6.142604947090148926e-01 9.569848328828811646e-02
4.137247204780578613e-01 1.734763085842132568e-01
1.744336038827896118e-01 1.064031273126602173e-01
4.844976663589477539e-01 6.349545717239379883e-01
9.338581562042236328e-01 8.247925043106079102e-01
5.150257349014282227e-01 1.460972130298614502e-01
9.427161812782287598e-01 4.335561692714691162e-01
8.950915336608886719e-01 9.354909062385559082e-01
9.135206341743469238e-01 7.453570365905761719e-01
8.144922256469726562e-01 4.562288895249366760e-02
8.553783893585205078e-01 6.639872789382934570e-01
8.330444097518920898e-01 9.152749180793762207e-01
3.842265605926513672e-01 6.238545179367065430e-01
2.553038299083709717e-01 8.944613933563232422e-01
4.254213869571685791e-01 5.446324348449707031e-01
4.454384744167327881e-02 7.470763474702835083e-02
4.951337873935699463e-01 2.736270129680633545e-01
1.656616032123565674e-01 7.551947236061096191e-01
3.362126350402832031e-01 7.245532870292663574e-01
6.637601256370544434e-01 3.648992478847503662e-01
3.038961291313171387e-01 5.857353806495666504e-01
4.056377410888671875e-01 9.710282087326049805e-01
7.244651317596435547e-01 1.258275955915451050e-01
1.438877433538436890e-01 9.425489306449890137e-01
2.485410310328006744e-02 3.857863247394561768e-01
