# MPMC pretrained pointset
# Contains following parameters (refer to QMCPy's MPMC documentation for more details): 
# 'loss_fn': L2mix
# 'lr': 0.001
# 'nlayers': 3
# 'weight_decay': 1e-06
# 'nhid': 32
# 'nbatch': 1
# 'epochs': 200000
# 'start_reduce': 100000
# 'radius': 0.35
# 'weights': None
# 'n_projections': 15
2 #d, the number of dimensions
60 #n, the number of points
8.927431106567382812e-01 7.408090233802795410e-01
1.744586825370788574e-01 8.578232526779174805e-01
1.388846486806869507e-01 6.418007612228393555e-01
7.907679080963134766e-01 8.103753924369812012e-01
6.924571394920349121e-01 1.920259892940521240e-01
3.722740113735198975e-01 6.760739684104919434e-01
4.730148315429687500e-01 4.771910905838012695e-01
2.962299436330795288e-02 6.929446458816528320e-01
6.076214909553527832e-01 7.084435820579528809e-01
8.406267762184143066e-01 2.267075181007385254e-01
4.295571893453598022e-02 1.741966158151626587e-01
7.747009396553039551e-01 4.081475734710693359e-01
7.494956254959106445e-02 5.881733819842338562e-02
5.412651896476745605e-01 8.783879280090332031e-01
6.738399267196655273e-01 5.565788745880126953e-01
5.879865214228630066e-02 9.243130683898925781e-01
5.753575563430786133e-01 6.282267570495605469e-01
6.548612117767333984e-01 3.606325984001159668e-01
2.921089231967926025e-01 8.241242766380310059e-01
5.571753978729248047e-01 3.403081297874450684e-01
9.060502052307128906e-02 4.451929628849029541e-01
1.223419532179832458e-01 2.397368699312210083e-01
7.098786830902099609e-01 4.958681762218475342e-01
5.913612842559814453e-01 2.690286003053188324e-02
7.576502561569213867e-01 9.388867020606994629e-01
9.410249590873718262e-01 1.617113351821899414e-01
3.905970752239227295e-01 5.935184955596923828e-01
7.226537466049194336e-01 9.591199755668640137e-01
4.233324527740478516e-01 7.687352597713470459e-02
6.395812034606933594e-01 8.438330888748168945e-01
8.760476112365722656e-01 4.572621583938598633e-01
1.066180225461721420e-02 5.093286037445068359e-01
3.377796113491058350e-01 1.016126573085784912e-02
8.060935139656066895e-01 4.424975439906120300e-02
1.580653488636016846e-01 3.945070207118988037e-01
1.909785121679306030e-01 2.914857268333435059e-01
3.058814108371734619e-01 3.769800961017608643e-01
2.103404104709625244e-01 5.271825790405273438e-01
8.208080530166625977e-01 6.088129878044128418e-01
6.240083575248718262e-01 1.457637399435043335e-01
8.555480837821960449e-01 6.601909399032592773e-01
9.568132758140563965e-01 8.956155180931091309e-01
2.740485072135925293e-01 2.072849124670028687e-01
9.077534079551696777e-01 9.178756177425384521e-02
9.710954427719116211e-01 3.240745961666107178e-01
2.603956758975982666e-01 9.088305830955505371e-01
9.895143508911132812e-01 5.396018028259277344e-01
9.253713488578796387e-01 7.748208045959472656e-01
4.114552438259124756e-01 5.727089047431945801e-01
3.258631527423858643e-01 7.272004485130310059e-01
3.559678494930267334e-01 3.096879422664642334e-01
5.088883638381958008e-01 7.904394268989562988e-01
7.428995966911315918e-01 2.758385837078094482e-01
4.939675331115722656e-01 4.277997910976409912e-01
1.085710301995277405e-01 9.728902578353881836e-01
5.243245959281921387e-01 1.107374280691146851e-01
4.559828937053680420e-01 9.889328479766845703e-01
2.408443242311477661e-01 1.271119713783264160e-01
4.431890547275543213e-01 2.565808594226837158e-01
2.269063442945480347e-01 7.585799694061279297e-01
