# MPMC pretrained pointset
# Contains following parameters (refer to QMCPy's MPMC documentation for more details): 
# 'loss_fn': L2per
# 'lr': 0.001
# 'nlayers': 3
# 'weight_decay': 1e-06
# 'nhid': 32
# 'nbatch': 1
# 'epochs': 200000
# 'start_reduce': 100000
# 'radius': 0.35
# 'weights': None
# 'n_projections': 15
2 #d, the number of dimensions
120 #n, the number of points
3.877795934677124023e-01 8.980672359466552734e-01
3.470824360847473145e-01 4.219958484172821045e-01
2.798405587673187256e-01 6.390419006347656250e-01
6.307061910629272461e-01 7.801679968833923340e-01
9.692496806383132935e-02 4.564089179039001465e-01
6.885437369346618652e-01 5.810011029243469238e-01
9.721497297286987305e-01 4.966618120670318604e-01
7.549690008163452148e-01 6.052888035774230957e-01
6.636417508125305176e-01 1.632199287414550781e-01
9.319128394126892090e-01 7.053750753402709961e-01
2.906211838126182556e-02 2.984154820442199707e-01
3.831689432263374329e-02 9.308862686157226562e-01
3.981584906578063965e-01 2.484737485647201538e-01
7.710381746292114258e-01 4.722696244716644287e-01
9.977839589118957520e-01 3.985222578048706055e-01
1.139454841613769531e-01 6.221926808357238770e-01
5.554661750793457031e-01 2.234375104308128357e-02
5.968879461288452148e-01 5.227780938148498535e-01
3.226273059844970703e-01 1.971106082201004028e-01
8.638090491294860840e-01 9.053255319595336914e-01
1.632882356643676758e-01 1.881365925073623657e-01
1.474308073520660400e-01 5.495767593383789062e-01
2.552814781665802002e-01 7.726648449897766113e-01
9.557394385337829590e-01 7.899605631828308105e-01
9.884849786758422852e-01 7.483354806900024414e-01
2.984118461608886719e-01 3.157250955700874329e-02
4.967479109764099121e-01 8.725847005844116211e-01
2.054686099290847778e-01 3.393985331058502197e-01
5.297331213951110840e-01 4.143998622894287109e-01
5.494553595781326294e-02 6.646429300308227539e-01
9.810125827789306641e-01 1.463816612958908081e-01
3.053508996963500977e-01 7.227305769920349121e-01
1.393685117363929749e-02 8.541151285171508789e-01
2.394490838050842285e-01 5.641834437847137451e-02
6.130889654159545898e-01 9.237788915634155273e-01
4.463367462158203125e-01 1.401381641626358032e-01
1.304918825626373291e-01 8.058255910873413086e-02
3.381725549697875977e-01 9.380819201469421387e-01
6.048724055290222168e-01 7.147597670555114746e-01
4.883629381656646729e-01 3.305233418941497803e-01
3.118257522583007812e-01 4.397897720336914062e-01
2.209754846990108490e-02 5.897197127342224121e-01
2.465809285640716553e-01 4.811692237854003906e-01
6.809486150741577148e-01 3.815031945705413818e-01
5.128242969512939453e-01 6.144006252288818359e-01
8.553080558776855469e-01 2.885076403617858887e-01
6.549093127250671387e-01 4.064209759235382080e-01
4.045984745025634766e-01 6.558530330657958984e-01
1.549635380506515503e-01 7.384774684906005859e-01
5.711300969123840332e-01 8.222401142120361328e-01
2.985493279993534088e-03 9.808597564697265625e-01
4.300220012664794922e-01 8.477219343185424805e-01
1.965873688459396362e-01 6.886258125305175781e-01
9.455360770225524902e-01 2.059689611196517944e-01
8.979913592338562012e-01 8.650345802307128906e-01
7.876062393188476562e-01 7.646135091781616211e-01
8.875927329063415527e-01 6.310780644416809082e-01
7.137719988822937012e-01 3.463376760482788086e-01
1.211927160620689392e-01 9.132575988769531250e-01
6.396614760160446167e-02 9.983183145523071289e-01
7.212753891944885254e-01 6.478434205055236816e-01
5.883073806762695312e-01 3.132837116718292236e-01
4.715126454830169678e-01 7.274169474840164185e-02
2.142448574304580688e-01 8.307537436485290527e-01
4.729408025741577148e-02 2.642665505409240723e-01
8.203715085983276367e-01 5.304093956947326660e-01
7.465674877166748047e-01 1.300867497920989990e-01
5.048862695693969727e-01 1.807869076728820801e-01
4.378928244113922119e-01 4.911701083183288574e-01
9.617056250572204590e-01 3.235614299774169922e-01
5.630939602851867676e-01 5.054404735565185547e-01
7.055431008338928223e-01 8.401529788970947266e-01
6.713869571685791016e-01 8.897984027862548828e-01
8.140931725502014160e-01 3.800503537058830261e-02
7.808383703231811523e-01 1.745541095733642578e-01
7.640022635459899902e-01 9.727172851562500000e-01
1.717014759778976440e-01 8.800371289253234863e-01
5.400022864341735840e-01 6.723253726959228516e-01
7.298337221145629883e-01 2.373981177806854248e-01
2.718613743782043457e-01 9.555367231369018555e-01
7.977404594421386719e-01 2.551628649234771729e-01
1.801430881023406982e-01 3.898169696331024170e-01
3.630688488483428955e-01 9.781487286090850830e-02
5.460599064826965332e-01 2.143422067165374756e-01
4.644711911678314209e-01 4.633224010467529297e-01
2.219007015228271484e-01 1.235057711601257324e-01
7.103715837001800537e-02 5.144319534301757812e-01
3.721000850200653076e-01 2.819435596466064453e-01
4.214437305927276611e-01 3.713928163051605225e-01
6.455458998680114746e-01 6.345703452825546265e-02
8.302915096282958984e-01 3.569366335868835449e-01
8.051400780677795410e-01 7.304094433784484863e-01
4.546483755111694336e-01 7.551969885826110840e-01
2.293345928192138672e-01 5.385940670967102051e-01
3.799189925193786621e-01 5.715968608856201172e-01
1.051307916641235352e-01 1.563675850629806519e-01
5.225055813789367676e-01 9.640609025955200195e-01
8.710760474205017090e-01 4.293026328086853027e-01
9.129906892776489258e-01 1.138245835900306702e-01
3.300812840461730957e-01 5.973712801933288574e-01
7.386856079101562500e-01 8.131810426712036133e-01
9.048044085502624512e-01 4.470494687557220459e-01
9.379850029945373535e-01 4.744955152273178101e-02
6.393115520477294922e-01 5.550339221954345703e-01
3.551937937736511230e-01 7.972483634948730469e-01
4.143898487091064453e-01 9.894283413887023926e-01
9.221865534782409668e-01 5.641248226165771484e-01
8.470274806022644043e-01 6.805489659309387207e-01
8.020484447479248047e-02 2.230356037616729736e-01
4.802355766296386719e-01 6.980355978012084961e-01
8.799312114715576172e-01 8.873953670263290405e-02
1.375837326049804688e-01 3.640410304069519043e-01
8.860217034816741943e-02 8.065117597579956055e-01
1.882628053426742554e-01 7.516608107835054398e-03
2.873734533786773682e-01 2.322501242160797119e-01
2.631263434886932373e-01 3.062603473663330078e-01
6.962901353836059570e-01 1.229200605303049088e-02
6.214454770088195801e-01 2.721244692802429199e-01
5.808029770851135254e-01 1.064617857336997986e-01
8.378374576568603516e-01 9.478240609169006348e-01
