# MPMC pretrained pointset
# Contains following parameters (refer to QMCPy's MPMC documentation for more details): 
# 'loss_fn': L2sym
# 'lr': 0.001
# 'nlayers': 3
# 'weight_decay': 1e-06
# 'nhid': 32
# 'nbatch': 1
# 'epochs': 200000
# 'start_reduce': 100000
# 'radius': 0.35
# 'weights': None
# 'n_projections': 15
2 #d, the number of dimensions
100 #n, the number of points
2.773974537849426270e-01 3.475862368941307068e-02
6.090372204780578613e-01 5.973728895187377930e-01
4.908497333526611328e-01 7.374503016471862793e-01
1.771709918975830078e-01 6.610595583915710449e-01
5.695056915283203125e-01 2.959555983543395996e-01
7.006380558013916016e-01 2.026325762271881104e-01
3.391462266445159912e-01 8.665125370025634766e-01
3.705284297466278076e-01 8.338754773139953613e-01
1.312278807163238525e-01 8.918867707252502441e-01
8.388531804084777832e-01 1.236945167183876038e-01
8.713037967681884766e-01 1.647572815418243408e-01
4.369013011455535889e-01 4.469255805015563965e-01
5.174814462661743164e-01 3.414981365203857422e-01
7.081515192985534668e-01 8.974005579948425293e-01
7.801575064659118652e-01 6.156818866729736328e-01
1.340371668338775635e-01 3.857992887496948242e-01
5.076828598976135254e-01 6.477109193801879883e-01
2.946105301380157471e-01 1.910282969474792480e-01
1.993297040462493896e-01 9.279862642288208008e-01
2.804875969886779785e-01 9.480631947517395020e-01
4.496069252490997314e-01 8.021762967109680176e-01
9.285529851913452148e-01 2.796572148799896240e-01
1.530698537826538086e-01 5.112596750259399414e-01
1.190481930971145630e-01 8.497168123722076416e-02
7.500809431076049805e-01 5.307017564773559570e-01
3.716668188571929932e-01 2.232076972723007202e-01
9.610986113548278809e-01 5.145930647850036621e-01
7.694773077964782715e-01 2.835212035279255360e-05
6.610111594200134277e-01 8.591919392347335815e-02
7.635187506675720215e-01 2.521964907646179199e-01
5.452718734741210938e-01 1.466891020536422729e-01
8.702353239059448242e-01 8.335714340209960938e-01
3.261615931987762451e-01 3.969209492206573486e-01
7.838411331176757812e-01 2.282364221173338592e-05
8.573401570320129395e-01 5.740259289741516113e-01
2.708860039710998535e-01 3.603577017784118652e-01
1.016481742262840271e-01 4.173355698585510254e-01
1.668085604906082153e-01 2.785165905952453613e-01
7.707031965255737305e-01 9.998956918716430664e-01
5.372292995452880859e-01 4.286603927612304688e-01
3.990170061588287354e-01 3.231911659240722656e-01
7.470170259475708008e-01 1.914822350954636931e-04
6.391681432723999023e-01 7.207846045494079590e-01
3.536318540573120117e-01 4.634928107261657715e-01
3.903048038482666016e-01 6.745344996452331543e-01
6.460765600204467773e-01 2.664941251277923584e-01
8.235261440277099609e-01 3.627016544342041016e-01
4.637203216552734375e-01 6.665593385696411133e-02
3.412965238094329834e-01 1.251084804534912109e-01
7.864105105400085449e-01 9.999237060546875000e-01
2.302229851484298706e-01 1.077551320195198059e-01
7.525877654552459717e-02 2.141414582729339600e-01
6.874090433120727539e-01 6.317868232727050781e-01
6.246615052223205566e-01 3.830935060977935791e-01
7.460455894470214844e-01 9.998329877853393555e-01
8.372119069099426270e-01 7.644870877265930176e-01
2.946037352085113525e-01 7.600837349891662598e-01
4.146606475114822388e-02 6.878047585487365723e-01
8.116592764854431152e-01 3.358795866370201111e-02
2.673196233808994293e-02 5.296751856803894043e-01
2.013572603464126587e-01 1.597075909376144409e-01
5.956028103828430176e-01 5.311065167188644409e-02
6.730997562408447266e-01 4.800260066986083984e-01
7.622836828231811523e-01 9.551289081573486328e-01
5.840675234794616699e-01 5.433826446533203125e-01
2.280866205692291260e-01 8.194535374641418457e-01
5.633204579353332520e-01 7.781299352645874023e-01
7.169677019119262695e-01 4.162262976169586182e-01
6.554436683654785156e-02 7.457573413848876953e-01
7.919815182685852051e-01 3.146872520446777344e-01
1.959121674299240112e-01 3.106688559055328369e-01
1.083985529839992523e-02 4.806449115276336670e-01
7.321338057518005371e-01 7.009001374244689941e-01
7.346058487892150879e-01 1.029492989182472229e-01
1.155466437339782715e-01 7.930386066436767578e-01
6.609832048416137695e-01 8.800770044326782227e-01
4.894442260265350342e-01 1.753389686346054077e-01
9.049269556999206543e-01 7.983428239822387695e-01
8.863446116447448730e-02 6.292576789855957031e-01
4.729874432086944580e-01 5.174419283866882324e-01
2.476409077644348145e-01 4.920684695243835449e-01
5.001233518123626709e-02 2.649068534374237061e-01
9.882659316062927246e-01 6.600211262702941895e-01
3.138120472431182861e-01 5.805712342262268066e-01
9.056788086891174316e-01 2.143709063529968262e-01
4.513849318027496338e-01 2.393016368150711060e-01
4.616898894309997559e-01 9.851523637771606445e-01
8.076673746109008789e-01 6.844646930694580078e-01
5.966112017631530762e-01 8.515647053718566895e-01
4.198648333549499512e-01 1.563774049282073975e-02
9.761208891868591309e-01 3.923940658569335938e-01
8.144308924674987793e-01 9.284924268722534180e-01
8.851603269577026367e-01 4.590484797954559326e-01
9.280236363410949707e-01 7.452982664108276367e-01
9.414219260215759277e-01 4.906497299671173096e-01
2.617662847042083740e-01 7.095547914505004883e-01
4.219523966312408447e-01 9.665271639823913574e-01
2.160827070474624634e-01 6.073867082595825195e-01
4.143942594528198242e-01 5.637295246124267578e-01
5.454251766204833984e-01 9.121789932250976562e-01
