# MPMC pretrained pointset
# Contains following parameters (refer to QMCPy's MPMC documentation for more details): 
# 'loss_fn': L2ext_weighted
# 'lr': 0.001
# 'nlayers': 3
# 'weight_decay': 1e-06
# 'nhid': 32
# 'nbatch': 1
# 'epochs': 200000
# 'start_reduce': 100000
# 'radius': 0.35
# 'weights': None
# 'n_projections': 15
52 #d, the number of dimensions
32 #n, the number of points
7.780141830444335938e-01 6.745509803295135498e-02 4.678871333599090576e-01 5.000000000000000000e-01 5.000000000000000000e-01 5.000000000000000000e-01 5.000000000000000000e-01 5.000000000000000000e-01 5.000000000000000000e-01 5.000000000000000000e-01 5.000000000000000000e-01 5.000000000000000000e-01 5.000000000000000000e-01 5.000000000000000000e-01 5.000000000000000000e-01 5.000000000000000000e-01 5.000000000000000000e-01 5.000000000000000000e-01 5.000000000000000000e-01 5.000000000000000000e-01 5.000000000000000000e-01 5.000000000000000000e-01 5.000000000000000000e-01 5.000000000000000000e-01 5.000000000000000000e-01 5.000000000000000000e-01 5.000000000000000000e-01 5.000000000000000000e-01 5.000000000000000000e-01 5.000000000000000000e-01 5.000000000000000000e-01 5.000000000000000000e-01 5.000000000000000000e-01 5.000000000000000000e-01 5.000000000000000000e-01 5.000000000000000000e-01 5.000000000000000000e-01 5.000000000000000000e-01 5.000000000000000000e-01 5.000000000000000000e-01 5.000000000000000000e-01 5.000000000000000000e-01 5.000000000000000000e-01 5.000000000000000000e-01 5.000000000000000000e-01 5.000000000000000000e-01 5.000000000000000000e-01 5.000000000000000000e-01 5.000000000000000000e-01 5.000000000000000000e-01 5.000000000000000000e-01 5.000000000000000000e-01
7.162345051765441895e-01 8.491878509521484375e-01 8.457214832305908203e-01 5.000000000000000000e-01 5.000000000000000000e-01 5.000000000000000000e-01 5.000000000000000000e-01 5.000000000000000000e-01 5.000000000000000000e-01 5.000000000000000000e-01 5.000000000000000000e-01 5.000000000000000000e-01 5.000000000000000000e-01 5.000000000000000000e-01 5.000000000000000000e-01 5.000000000000000000e-01 5.000000000000000000e-01 5.000000000000000000e-01 5.000000000000000000e-01 5.000000000000000000e-01 5.000000000000000000e-01 5.000000000000000000e-01 5.000000000000000000e-01 5.000000000000000000e-01 5.000000000000000000e-01 5.000000000000000000e-01 5.000000000000000000e-01 5.000000000000000000e-01 5.000000000000000000e-01 5.000000000000000000e-01 5.000000000000000000e-01 5.000000000000000000e-01 5.000000000000000000e-01 5.000000000000000000e-01 5.000000000000000000e-01 5.000000000000000000e-01 5.000000000000000000e-01 5.000000000000000000e-01 5.000000000000000000e-01 5.000000000000000000e-01 5.000000000000000000e-01 5.000000000000000000e-01 5.000000000000000000e-01 5.000000000000000000e-01 5.000000000000000000e-01 5.000000000000000000e-01 5.000000000000000000e-01 5.000000000000000000e-01 5.000000000000000000e-01 5.000000000000000000e-01 5.000000000000000000e-01 5.000000000000000000e-01
4.019168615341186523e-01 9.427766799926757812e-01 9.670995473861694336e-01 5.000000000000000000e-01 5.000000000000000000e-01 5.000000000000000000e-01 5.000000000000000000e-01 5.000000000000000000e-01 5.000000000000000000e-01 5.000000000000000000e-01 5.000000000000000000e-01 5.000000000000000000e-01 5.000000000000000000e-01 5.000000000000000000e-01 5.000000000000000000e-01 5.000000000000000000e-01 5.000000000000000000e-01 5.000000000000000000e-01 5.000000000000000000e-01 5.000000000000000000e-01 5.000000000000000000e-01 5.000000000000000000e-01 5.000000000000000000e-01 5.000000000000000000e-01 5.000000000000000000e-01 5.000000000000000000e-01 5.000000000000000000e-01 5.000000000000000000e-01 5.000000000000000000e-01 5.000000000000000000e-01 5.000000000000000000e-01 5.000000000000000000e-01 5.000000000000000000e-01 5.000000000000000000e-01 5.000000000000000000e-01 5.000000000000000000e-01 5.000000000000000000e-01 5.000000000000000000e-01 5.000000000000000000e-01 5.000000000000000000e-01 5.000000000000000000e-01 5.000000000000000000e-01 5.000000000000000000e-01 5.000000000000000000e-01 5.000000000000000000e-01 5.000000000000000000e-01 5.000000000000000000e-01 5.000000000000000000e-01 5.000000000000000000e-01 5.000000000000000000e-01 5.000000000000000000e-01 5.000000000000000000e-01
8.726244568824768066e-01 7.548487782478332520e-01 9.993597865104675293e-01 5.000000000000000000e-01 5.000000000000000000e-01 5.000000000000000000e-01 5.000000000000000000e-01 5.000000000000000000e-01 5.000000000000000000e-01 5.000000000000000000e-01 5.000000000000000000e-01 5.000000000000000000e-01 5.000000000000000000e-01 5.000000000000000000e-01 5.000000000000000000e-01 5.000000000000000000e-01 5.000000000000000000e-01 5.000000000000000000e-01 5.000000000000000000e-01 5.000000000000000000e-01 5.000000000000000000e-01 5.000000000000000000e-01 5.000000000000000000e-01 5.000000000000000000e-01 5.000000000000000000e-01 5.000000000000000000e-01 5.000000000000000000e-01 5.000000000000000000e-01 5.000000000000000000e-01 5.000000000000000000e-01 5.000000000000000000e-01 5.000000000000000000e-01 5.000000000000000000e-01 5.000000000000000000e-01 5.000000000000000000e-01 5.000000000000000000e-01 5.000000000000000000e-01 5.000000000000000000e-01 5.000000000000000000e-01 5.000000000000000000e-01 5.000000000000000000e-01 5.000000000000000000e-01 5.000000000000000000e-01 5.000000000000000000e-01 5.000000000000000000e-01 5.000000000000000000e-01 5.000000000000000000e-01 5.000000000000000000e-01 5.000000000000000000e-01 5.000000000000000000e-01 5.000000000000000000e-01 5.000000000000000000e-01
9.046763777732849121e-01 5.048114061355590820e-01 6.581702828407287598e-01 5.000000000000000000e-01 5.000000000000000000e-01 5.000000000000000000e-01 5.000000000000000000e-01 5.000000000000000000e-01 5.000000000000000000e-01 5.000000000000000000e-01 5.000000000000000000e-01 5.000000000000000000e-01 5.000000000000000000e-01 5.000000000000000000e-01 5.000000000000000000e-01 5.000000000000000000e-01 5.000000000000000000e-01 5.000000000000000000e-01 5.000000000000000000e-01 5.000000000000000000e-01 5.000000000000000000e-01 5.000000000000000000e-01 5.000000000000000000e-01 5.000000000000000000e-01 5.000000000000000000e-01 5.000000000000000000e-01 5.000000000000000000e-01 5.000000000000000000e-01 5.000000000000000000e-01 5.000000000000000000e-01 5.000000000000000000e-01 5.000000000000000000e-01 5.000000000000000000e-01 5.000000000000000000e-01 5.000000000000000000e-01 5.000000000000000000e-01 5.000000000000000000e-01 5.000000000000000000e-01 5.000000000000000000e-01 5.000000000000000000e-01 5.000000000000000000e-01 5.000000000000000000e-01 5.000000000000000000e-01 5.000000000000000000e-01 5.000000000000000000e-01 5.000000000000000000e-01 5.000000000000000000e-01 5.000000000000000000e-01 5.000000000000000000e-01 5.000000000000000000e-01 5.000000000000000000e-01 5.000000000000000000e-01
9.674966335296630859e-01 2.854147255420684814e-01 8.777535557746887207e-01 5.000000000000000000e-01 5.000000000000000000e-01 5.000000000000000000e-01 5.000000000000000000e-01 5.000000000000000000e-01 5.000000000000000000e-01 5.000000000000000000e-01 5.000000000000000000e-01 5.000000000000000000e-01 5.000000000000000000e-01 5.000000000000000000e-01 5.000000000000000000e-01 5.000000000000000000e-01 5.000000000000000000e-01 5.000000000000000000e-01 5.000000000000000000e-01 5.000000000000000000e-01 5.000000000000000000e-01 5.000000000000000000e-01 5.000000000000000000e-01 5.000000000000000000e-01 5.000000000000000000e-01 5.000000000000000000e-01 5.000000000000000000e-01 5.000000000000000000e-01 5.000000000000000000e-01 5.000000000000000000e-01 5.000000000000000000e-01 5.000000000000000000e-01 5.000000000000000000e-01 5.000000000000000000e-01 5.000000000000000000e-01 5.000000000000000000e-01 5.000000000000000000e-01 5.000000000000000000e-01 5.000000000000000000e-01 5.000000000000000000e-01 5.000000000000000000e-01 5.000000000000000000e-01 5.000000000000000000e-01 5.000000000000000000e-01 5.000000000000000000e-01 5.000000000000000000e-01 5.000000000000000000e-01 5.000000000000000000e-01 5.000000000000000000e-01 5.000000000000000000e-01 5.000000000000000000e-01 5.000000000000000000e-01
2.440152503550052643e-02 6.468114443123340607e-04 3.447376191616058350e-01 5.000000000000000000e-01 5.000000000000000000e-01 5.000000000000000000e-01 5.000000000000000000e-01 5.000000000000000000e-01 5.000000000000000000e-01 5.000000000000000000e-01 5.000000000000000000e-01 5.000000000000000000e-01 5.000000000000000000e-01 5.000000000000000000e-01 5.000000000000000000e-01 5.000000000000000000e-01 5.000000000000000000e-01 5.000000000000000000e-01 5.000000000000000000e-01 5.000000000000000000e-01 5.000000000000000000e-01 5.000000000000000000e-01 5.000000000000000000e-01 5.000000000000000000e-01 5.000000000000000000e-01 5.000000000000000000e-01 5.000000000000000000e-01 5.000000000000000000e-01 5.000000000000000000e-01 5.000000000000000000e-01 5.000000000000000000e-01 5.000000000000000000e-01 5.000000000000000000e-01 5.000000000000000000e-01 5.000000000000000000e-01 5.000000000000000000e-01 5.000000000000000000e-01 5.000000000000000000e-01 5.000000000000000000e-01 5.000000000000000000e-01 5.000000000000000000e-01 5.000000000000000000e-01 5.000000000000000000e-01 5.000000000000000000e-01 5.000000000000000000e-01 5.000000000000000000e-01 5.000000000000000000e-01 5.000000000000000000e-01 5.000000000000000000e-01 5.000000000000000000e-01 5.000000000000000000e-01 5.000000000000000000e-01
3.709939420223236084e-01 1.913453787565231323e-01 2.462539672851562500e-01 5.000000000000000000e-01 5.000000000000000000e-01 5.000000000000000000e-01 5.000000000000000000e-01 5.000000000000000000e-01 5.000000000000000000e-01 5.000000000000000000e-01 5.000000000000000000e-01 5.000000000000000000e-01 5.000000000000000000e-01 5.000000000000000000e-01 5.000000000000000000e-01 5.000000000000000000e-01 5.000000000000000000e-01 5.000000000000000000e-01 5.000000000000000000e-01 5.000000000000000000e-01 5.000000000000000000e-01 5.000000000000000000e-01 5.000000000000000000e-01 5.000000000000000000e-01 5.000000000000000000e-01 5.000000000000000000e-01 5.000000000000000000e-01 5.000000000000000000e-01 5.000000000000000000e-01 5.000000000000000000e-01 5.000000000000000000e-01 5.000000000000000000e-01 5.000000000000000000e-01 5.000000000000000000e-01 5.000000000000000000e-01 5.000000000000000000e-01 5.000000000000000000e-01 5.000000000000000000e-01 5.000000000000000000e-01 5.000000000000000000e-01 5.000000000000000000e-01 5.000000000000000000e-01 5.000000000000000000e-01 5.000000000000000000e-01 5.000000000000000000e-01 5.000000000000000000e-01 5.000000000000000000e-01 5.000000000000000000e-01 5.000000000000000000e-01 5.000000000000000000e-01 5.000000000000000000e-01 5.000000000000000000e-01
1.501065343618392944e-01 4.086476862430572510e-01 2.765900269150733948e-02 5.000000000000000000e-01 5.000000000000000000e-01 5.000000000000000000e-01 5.000000000000000000e-01 5.000000000000000000e-01 5.000000000000000000e-01 5.000000000000000000e-01 5.000000000000000000e-01 5.000000000000000000e-01 5.000000000000000000e-01 5.000000000000000000e-01 5.000000000000000000e-01 5.000000000000000000e-01 5.000000000000000000e-01 5.000000000000000000e-01 5.000000000000000000e-01 5.000000000000000000e-01 5.000000000000000000e-01 5.000000000000000000e-01 5.000000000000000000e-01 5.000000000000000000e-01 5.000000000000000000e-01 5.000000000000000000e-01 5.000000000000000000e-01 5.000000000000000000e-01 5.000000000000000000e-01 5.000000000000000000e-01 5.000000000000000000e-01 5.000000000000000000e-01 5.000000000000000000e-01 5.000000000000000000e-01 5.000000000000000000e-01 5.000000000000000000e-01 5.000000000000000000e-01 5.000000000000000000e-01 5.000000000000000000e-01 5.000000000000000000e-01 5.000000000000000000e-01 5.000000000000000000e-01 5.000000000000000000e-01 5.000000000000000000e-01 5.000000000000000000e-01 5.000000000000000000e-01 5.000000000000000000e-01 5.000000000000000000e-01 5.000000000000000000e-01 5.000000000000000000e-01 5.000000000000000000e-01 5.000000000000000000e-01
1.816023141145706177e-01 5.387089848518371582e-01 4.381551444530487061e-01 5.000000000000000000e-01 5.000000000000000000e-01 5.000000000000000000e-01 5.000000000000000000e-01 5.000000000000000000e-01 5.000000000000000000e-01 5.000000000000000000e-01 5.000000000000000000e-01 5.000000000000000000e-01 5.000000000000000000e-01 5.000000000000000000e-01 5.000000000000000000e-01 5.000000000000000000e-01 5.000000000000000000e-01 5.000000000000000000e-01 5.000000000000000000e-01 5.000000000000000000e-01 5.000000000000000000e-01 5.000000000000000000e-01 5.000000000000000000e-01 5.000000000000000000e-01 5.000000000000000000e-01 5.000000000000000000e-01 5.000000000000000000e-01 5.000000000000000000e-01 5.000000000000000000e-01 5.000000000000000000e-01 5.000000000000000000e-01 5.000000000000000000e-01 5.000000000000000000e-01 5.000000000000000000e-01 5.000000000000000000e-01 5.000000000000000000e-01 5.000000000000000000e-01 5.000000000000000000e-01 5.000000000000000000e-01 5.000000000000000000e-01 5.000000000000000000e-01 5.000000000000000000e-01 5.000000000000000000e-01 5.000000000000000000e-01 5.000000000000000000e-01 5.000000000000000000e-01 5.000000000000000000e-01 5.000000000000000000e-01 5.000000000000000000e-01 5.000000000000000000e-01 5.000000000000000000e-01 5.000000000000000000e-01
3.065710961818695068e-01 4.729065895080566406e-01 5.004512667655944824e-01 5.000000000000000000e-01 5.000000000000000000e-01 5.000000000000000000e-01 5.000000000000000000e-01 5.000000000000000000e-01 5.000000000000000000e-01 5.000000000000000000e-01 5.000000000000000000e-01 5.000000000000000000e-01 5.000000000000000000e-01 5.000000000000000000e-01 5.000000000000000000e-01 5.000000000000000000e-01 5.000000000000000000e-01 5.000000000000000000e-01 5.000000000000000000e-01 5.000000000000000000e-01 5.000000000000000000e-01 5.000000000000000000e-01 5.000000000000000000e-01 5.000000000000000000e-01 5.000000000000000000e-01 5.000000000000000000e-01 5.000000000000000000e-01 5.000000000000000000e-01 5.000000000000000000e-01 5.000000000000000000e-01 5.000000000000000000e-01 5.000000000000000000e-01 5.000000000000000000e-01 5.000000000000000000e-01 5.000000000000000000e-01 5.000000000000000000e-01 5.000000000000000000e-01 5.000000000000000000e-01 5.000000000000000000e-01 5.000000000000000000e-01 5.000000000000000000e-01 5.000000000000000000e-01 5.000000000000000000e-01 5.000000000000000000e-01 5.000000000000000000e-01 5.000000000000000000e-01 5.000000000000000000e-01 5.000000000000000000e-01 5.000000000000000000e-01 5.000000000000000000e-01 5.000000000000000000e-01 5.000000000000000000e-01
2.134818583726882935e-01 9.724979996681213379e-01 7.546434402465820312e-01 5.000000000000000000e-01 5.000000000000000000e-01 5.000000000000000000e-01 5.000000000000000000e-01 5.000000000000000000e-01 5.000000000000000000e-01 5.000000000000000000e-01 5.000000000000000000e-01 5.000000000000000000e-01 5.000000000000000000e-01 5.000000000000000000e-01 5.000000000000000000e-01 5.000000000000000000e-01 5.000000000000000000e-01 5.000000000000000000e-01 5.000000000000000000e-01 5.000000000000000000e-01 5.000000000000000000e-01 5.000000000000000000e-01 5.000000000000000000e-01 5.000000000000000000e-01 5.000000000000000000e-01 5.000000000000000000e-01 5.000000000000000000e-01 5.000000000000000000e-01 5.000000000000000000e-01 5.000000000000000000e-01 5.000000000000000000e-01 5.000000000000000000e-01 5.000000000000000000e-01 5.000000000000000000e-01 5.000000000000000000e-01 5.000000000000000000e-01 5.000000000000000000e-01 5.000000000000000000e-01 5.000000000000000000e-01 5.000000000000000000e-01 5.000000000000000000e-01 5.000000000000000000e-01 5.000000000000000000e-01 5.000000000000000000e-01 5.000000000000000000e-01 5.000000000000000000e-01 5.000000000000000000e-01 5.000000000000000000e-01 5.000000000000000000e-01 5.000000000000000000e-01 5.000000000000000000e-01 5.000000000000000000e-01
7.517316937446594238e-01 6.609784960746765137e-01 2.211241871118545532e-01 5.000000000000000000e-01 5.000000000000000000e-01 5.000000000000000000e-01 5.000000000000000000e-01 5.000000000000000000e-01 5.000000000000000000e-01 5.000000000000000000e-01 5.000000000000000000e-01 5.000000000000000000e-01 5.000000000000000000e-01 5.000000000000000000e-01 5.000000000000000000e-01 5.000000000000000000e-01 5.000000000000000000e-01 5.000000000000000000e-01 5.000000000000000000e-01 5.000000000000000000e-01 5.000000000000000000e-01 5.000000000000000000e-01 5.000000000000000000e-01 5.000000000000000000e-01 5.000000000000000000e-01 5.000000000000000000e-01 5.000000000000000000e-01 5.000000000000000000e-01 5.000000000000000000e-01 5.000000000000000000e-01 5.000000000000000000e-01 5.000000000000000000e-01 5.000000000000000000e-01 5.000000000000000000e-01 5.000000000000000000e-01 5.000000000000000000e-01 5.000000000000000000e-01 5.000000000000000000e-01 5.000000000000000000e-01 5.000000000000000000e-01 5.000000000000000000e-01 5.000000000000000000e-01 5.000000000000000000e-01 5.000000000000000000e-01 5.000000000000000000e-01 5.000000000000000000e-01 5.000000000000000000e-01 5.000000000000000000e-01 5.000000000000000000e-01 5.000000000000000000e-01 5.000000000000000000e-01 5.000000000000000000e-01
8.856164664030075073e-02 8.808056712150573730e-01 1.254089325666427612e-01 5.000000000000000000e-01 5.000000000000000000e-01 5.000000000000000000e-01 5.000000000000000000e-01 5.000000000000000000e-01 5.000000000000000000e-01 5.000000000000000000e-01 5.000000000000000000e-01 5.000000000000000000e-01 5.000000000000000000e-01 5.000000000000000000e-01 5.000000000000000000e-01 5.000000000000000000e-01 5.000000000000000000e-01 5.000000000000000000e-01 5.000000000000000000e-01 5.000000000000000000e-01 5.000000000000000000e-01 5.000000000000000000e-01 5.000000000000000000e-01 5.000000000000000000e-01 5.000000000000000000e-01 5.000000000000000000e-01 5.000000000000000000e-01 5.000000000000000000e-01 5.000000000000000000e-01 5.000000000000000000e-01 5.000000000000000000e-01 5.000000000000000000e-01 5.000000000000000000e-01 5.000000000000000000e-01 5.000000000000000000e-01 5.000000000000000000e-01 5.000000000000000000e-01 5.000000000000000000e-01 5.000000000000000000e-01 5.000000000000000000e-01 5.000000000000000000e-01 5.000000000000000000e-01 5.000000000000000000e-01 5.000000000000000000e-01 5.000000000000000000e-01 5.000000000000000000e-01 5.000000000000000000e-01 5.000000000000000000e-01 5.000000000000000000e-01 5.000000000000000000e-01 5.000000000000000000e-01 5.000000000000000000e-01
4.964041113853454590e-01 5.653104186058044434e-01 9.028988331556320190e-02 5.000000000000000000e-01 5.000000000000000000e-01 5.000000000000000000e-01 5.000000000000000000e-01 5.000000000000000000e-01 5.000000000000000000e-01 5.000000000000000000e-01 5.000000000000000000e-01 5.000000000000000000e-01 5.000000000000000000e-01 5.000000000000000000e-01 5.000000000000000000e-01 5.000000000000000000e-01 5.000000000000000000e-01 5.000000000000000000e-01 5.000000000000000000e-01 5.000000000000000000e-01 5.000000000000000000e-01 5.000000000000000000e-01 5.000000000000000000e-01 5.000000000000000000e-01 5.000000000000000000e-01 5.000000000000000000e-01 5.000000000000000000e-01 5.000000000000000000e-01 5.000000000000000000e-01 5.000000000000000000e-01 5.000000000000000000e-01 5.000000000000000000e-01 5.000000000000000000e-01 5.000000000000000000e-01 5.000000000000000000e-01 5.000000000000000000e-01 5.000000000000000000e-01 5.000000000000000000e-01 5.000000000000000000e-01 5.000000000000000000e-01 5.000000000000000000e-01 5.000000000000000000e-01 5.000000000000000000e-01 5.000000000000000000e-01 5.000000000000000000e-01 5.000000000000000000e-01 5.000000000000000000e-01 5.000000000000000000e-01 5.000000000000000000e-01 5.000000000000000000e-01 5.000000000000000000e-01 5.000000000000000000e-01
3.408084213733673096e-01 6.944902539253234863e-01 5.948831439018249512e-01 5.000000000000000000e-01 5.000000000000000000e-01 5.000000000000000000e-01 5.000000000000000000e-01 5.000000000000000000e-01 5.000000000000000000e-01 5.000000000000000000e-01 5.000000000000000000e-01 5.000000000000000000e-01 5.000000000000000000e-01 5.000000000000000000e-01 5.000000000000000000e-01 5.000000000000000000e-01 5.000000000000000000e-01 5.000000000000000000e-01 5.000000000000000000e-01 5.000000000000000000e-01 5.000000000000000000e-01 5.000000000000000000e-01 5.000000000000000000e-01 5.000000000000000000e-01 5.000000000000000000e-01 5.000000000000000000e-01 5.000000000000000000e-01 5.000000000000000000e-01 5.000000000000000000e-01 5.000000000000000000e-01 5.000000000000000000e-01 5.000000000000000000e-01 5.000000000000000000e-01 5.000000000000000000e-01 5.000000000000000000e-01 5.000000000000000000e-01 5.000000000000000000e-01 5.000000000000000000e-01 5.000000000000000000e-01 5.000000000000000000e-01 5.000000000000000000e-01 5.000000000000000000e-01 5.000000000000000000e-01 5.000000000000000000e-01 5.000000000000000000e-01 5.000000000000000000e-01 5.000000000000000000e-01 5.000000000000000000e-01 5.000000000000000000e-01 5.000000000000000000e-01 5.000000000000000000e-01 5.000000000000000000e-01
2.768341600894927979e-01 9.694626927375793457e-02 6.146838888525962830e-02 5.000000000000000000e-01 5.000000000000000000e-01 5.000000000000000000e-01 5.000000000000000000e-01 5.000000000000000000e-01 5.000000000000000000e-01 5.000000000000000000e-01 5.000000000000000000e-01 5.000000000000000000e-01 5.000000000000000000e-01 5.000000000000000000e-01 5.000000000000000000e-01 5.000000000000000000e-01 5.000000000000000000e-01 5.000000000000000000e-01 5.000000000000000000e-01 5.000000000000000000e-01 5.000000000000000000e-01 5.000000000000000000e-01 5.000000000000000000e-01 5.000000000000000000e-01 5.000000000000000000e-01 5.000000000000000000e-01 5.000000000000000000e-01 5.000000000000000000e-01 5.000000000000000000e-01 5.000000000000000000e-01 5.000000000000000000e-01 5.000000000000000000e-01 5.000000000000000000e-01 5.000000000000000000e-01 5.000000000000000000e-01 5.000000000000000000e-01 5.000000000000000000e-01 5.000000000000000000e-01 5.000000000000000000e-01 5.000000000000000000e-01 5.000000000000000000e-01 5.000000000000000000e-01 5.000000000000000000e-01 5.000000000000000000e-01 5.000000000000000000e-01 5.000000000000000000e-01 5.000000000000000000e-01 5.000000000000000000e-01 5.000000000000000000e-01 5.000000000000000000e-01 5.000000000000000000e-01 5.000000000000000000e-01
9.996423721313476562e-01 2.223500609397888184e-01 9.392324090003967285e-01 5.000000000000000000e-01 5.000000000000000000e-01 5.000000000000000000e-01 5.000000000000000000e-01 5.000000000000000000e-01 5.000000000000000000e-01 5.000000000000000000e-01 5.000000000000000000e-01 5.000000000000000000e-01 5.000000000000000000e-01 5.000000000000000000e-01 5.000000000000000000e-01 5.000000000000000000e-01 5.000000000000000000e-01 5.000000000000000000e-01 5.000000000000000000e-01 5.000000000000000000e-01 5.000000000000000000e-01 5.000000000000000000e-01 5.000000000000000000e-01 5.000000000000000000e-01 5.000000000000000000e-01 5.000000000000000000e-01 5.000000000000000000e-01 5.000000000000000000e-01 5.000000000000000000e-01 5.000000000000000000e-01 5.000000000000000000e-01 5.000000000000000000e-01 5.000000000000000000e-01 5.000000000000000000e-01 5.000000000000000000e-01 5.000000000000000000e-01 5.000000000000000000e-01 5.000000000000000000e-01 5.000000000000000000e-01 5.000000000000000000e-01 5.000000000000000000e-01 5.000000000000000000e-01 5.000000000000000000e-01 5.000000000000000000e-01 5.000000000000000000e-01 5.000000000000000000e-01 5.000000000000000000e-01 5.000000000000000000e-01 5.000000000000000000e-01 5.000000000000000000e-01 5.000000000000000000e-01 5.000000000000000000e-01
6.859058737754821777e-01 7.267660498619079590e-01 1.544262319803237915e-01 5.000000000000000000e-01 5.000000000000000000e-01 5.000000000000000000e-01 5.000000000000000000e-01 5.000000000000000000e-01 5.000000000000000000e-01 5.000000000000000000e-01 5.000000000000000000e-01 5.000000000000000000e-01 5.000000000000000000e-01 5.000000000000000000e-01 5.000000000000000000e-01 5.000000000000000000e-01 5.000000000000000000e-01 5.000000000000000000e-01 5.000000000000000000e-01 5.000000000000000000e-01 5.000000000000000000e-01 5.000000000000000000e-01 5.000000000000000000e-01 5.000000000000000000e-01 5.000000000000000000e-01 5.000000000000000000e-01 5.000000000000000000e-01 5.000000000000000000e-01 5.000000000000000000e-01 5.000000000000000000e-01 5.000000000000000000e-01 5.000000000000000000e-01 5.000000000000000000e-01 5.000000000000000000e-01 5.000000000000000000e-01 5.000000000000000000e-01 5.000000000000000000e-01 5.000000000000000000e-01 5.000000000000000000e-01 5.000000000000000000e-01 5.000000000000000000e-01 5.000000000000000000e-01 5.000000000000000000e-01 5.000000000000000000e-01 5.000000000000000000e-01 5.000000000000000000e-01 5.000000000000000000e-01 5.000000000000000000e-01 5.000000000000000000e-01 5.000000000000000000e-01 5.000000000000000000e-01 5.000000000000000000e-01
5.532579123973846436e-02 6.287825703620910645e-01 1.880809515714645386e-01 5.000000000000000000e-01 5.000000000000000000e-01 5.000000000000000000e-01 5.000000000000000000e-01 5.000000000000000000e-01 5.000000000000000000e-01 5.000000000000000000e-01 5.000000000000000000e-01 5.000000000000000000e-01 5.000000000000000000e-01 5.000000000000000000e-01 5.000000000000000000e-01 5.000000000000000000e-01 5.000000000000000000e-01 5.000000000000000000e-01 5.000000000000000000e-01 5.000000000000000000e-01 5.000000000000000000e-01 5.000000000000000000e-01 5.000000000000000000e-01 5.000000000000000000e-01 5.000000000000000000e-01 5.000000000000000000e-01 5.000000000000000000e-01 5.000000000000000000e-01 5.000000000000000000e-01 5.000000000000000000e-01 5.000000000000000000e-01 5.000000000000000000e-01 5.000000000000000000e-01 5.000000000000000000e-01 5.000000000000000000e-01 5.000000000000000000e-01 5.000000000000000000e-01 5.000000000000000000e-01 5.000000000000000000e-01 5.000000000000000000e-01 5.000000000000000000e-01 5.000000000000000000e-01 5.000000000000000000e-01 5.000000000000000000e-01 5.000000000000000000e-01 5.000000000000000000e-01 5.000000000000000000e-01 5.000000000000000000e-01 5.000000000000000000e-01 5.000000000000000000e-01 5.000000000000000000e-01 5.000000000000000000e-01
8.431937098503112793e-01 3.169158101081848145e-02 5.314263105392456055e-01 5.000000000000000000e-01 5.000000000000000000e-01 5.000000000000000000e-01 5.000000000000000000e-01 5.000000000000000000e-01 5.000000000000000000e-01 5.000000000000000000e-01 5.000000000000000000e-01 5.000000000000000000e-01 5.000000000000000000e-01 5.000000000000000000e-01 5.000000000000000000e-01 5.000000000000000000e-01 5.000000000000000000e-01 5.000000000000000000e-01 5.000000000000000000e-01 5.000000000000000000e-01 5.000000000000000000e-01 5.000000000000000000e-01 5.000000000000000000e-01 5.000000000000000000e-01 5.000000000000000000e-01 5.000000000000000000e-01 5.000000000000000000e-01 5.000000000000000000e-01 5.000000000000000000e-01 5.000000000000000000e-01 5.000000000000000000e-01 5.000000000000000000e-01 5.000000000000000000e-01 5.000000000000000000e-01 5.000000000000000000e-01 5.000000000000000000e-01 5.000000000000000000e-01 5.000000000000000000e-01 5.000000000000000000e-01 5.000000000000000000e-01 5.000000000000000000e-01 5.000000000000000000e-01 5.000000000000000000e-01 5.000000000000000000e-01 5.000000000000000000e-01 5.000000000000000000e-01 5.000000000000000000e-01 5.000000000000000000e-01 5.000000000000000000e-01 5.000000000000000000e-01 5.000000000000000000e-01 5.000000000000000000e-01
9.356150031089782715e-01 1.283504813909530640e-01 8.144460916519165039e-01 5.000000000000000000e-01 5.000000000000000000e-01 5.000000000000000000e-01 5.000000000000000000e-01 5.000000000000000000e-01 5.000000000000000000e-01 5.000000000000000000e-01 5.000000000000000000e-01 5.000000000000000000e-01 5.000000000000000000e-01 5.000000000000000000e-01 5.000000000000000000e-01 5.000000000000000000e-01 5.000000000000000000e-01 5.000000000000000000e-01 5.000000000000000000e-01 5.000000000000000000e-01 5.000000000000000000e-01 5.000000000000000000e-01 5.000000000000000000e-01 5.000000000000000000e-01 5.000000000000000000e-01 5.000000000000000000e-01 5.000000000000000000e-01 5.000000000000000000e-01 5.000000000000000000e-01 5.000000000000000000e-01 5.000000000000000000e-01 5.000000000000000000e-01 5.000000000000000000e-01 5.000000000000000000e-01 5.000000000000000000e-01 5.000000000000000000e-01 5.000000000000000000e-01 5.000000000000000000e-01 5.000000000000000000e-01 5.000000000000000000e-01 5.000000000000000000e-01 5.000000000000000000e-01 5.000000000000000000e-01 5.000000000000000000e-01 5.000000000000000000e-01 5.000000000000000000e-01 5.000000000000000000e-01 5.000000000000000000e-01 5.000000000000000000e-01 5.000000000000000000e-01 5.000000000000000000e-01 5.000000000000000000e-01
1.193750947713851929e-01 8.177706599235534668e-01 4.065605700016021729e-01 5.000000000000000000e-01 5.000000000000000000e-01 5.000000000000000000e-01 5.000000000000000000e-01 5.000000000000000000e-01 5.000000000000000000e-01 5.000000000000000000e-01 5.000000000000000000e-01 5.000000000000000000e-01 5.000000000000000000e-01 5.000000000000000000e-01 5.000000000000000000e-01 5.000000000000000000e-01 5.000000000000000000e-01 5.000000000000000000e-01 5.000000000000000000e-01 5.000000000000000000e-01 5.000000000000000000e-01 5.000000000000000000e-01 5.000000000000000000e-01 5.000000000000000000e-01 5.000000000000000000e-01 5.000000000000000000e-01 5.000000000000000000e-01 5.000000000000000000e-01 5.000000000000000000e-01 5.000000000000000000e-01 5.000000000000000000e-01 5.000000000000000000e-01 5.000000000000000000e-01 5.000000000000000000e-01 5.000000000000000000e-01 5.000000000000000000e-01 5.000000000000000000e-01 5.000000000000000000e-01 5.000000000000000000e-01 5.000000000000000000e-01 5.000000000000000000e-01 5.000000000000000000e-01 5.000000000000000000e-01 5.000000000000000000e-01 5.000000000000000000e-01 5.000000000000000000e-01 5.000000000000000000e-01 5.000000000000000000e-01 5.000000000000000000e-01 5.000000000000000000e-01 5.000000000000000000e-01 5.000000000000000000e-01
4.633548557758331299e-01 7.863436341285705566e-01 6.908499598503112793e-01 5.000000000000000000e-01 5.000000000000000000e-01 5.000000000000000000e-01 5.000000000000000000e-01 5.000000000000000000e-01 5.000000000000000000e-01 5.000000000000000000e-01 5.000000000000000000e-01 5.000000000000000000e-01 5.000000000000000000e-01 5.000000000000000000e-01 5.000000000000000000e-01 5.000000000000000000e-01 5.000000000000000000e-01 5.000000000000000000e-01 5.000000000000000000e-01 5.000000000000000000e-01 5.000000000000000000e-01 5.000000000000000000e-01 5.000000000000000000e-01 5.000000000000000000e-01 5.000000000000000000e-01 5.000000000000000000e-01 5.000000000000000000e-01 5.000000000000000000e-01 5.000000000000000000e-01 5.000000000000000000e-01 5.000000000000000000e-01 5.000000000000000000e-01 5.000000000000000000e-01 5.000000000000000000e-01 5.000000000000000000e-01 5.000000000000000000e-01 5.000000000000000000e-01 5.000000000000000000e-01 5.000000000000000000e-01 5.000000000000000000e-01 5.000000000000000000e-01 5.000000000000000000e-01 5.000000000000000000e-01 5.000000000000000000e-01 5.000000000000000000e-01 5.000000000000000000e-01 5.000000000000000000e-01 5.000000000000000000e-01 5.000000000000000000e-01 5.000000000000000000e-01 5.000000000000000000e-01 5.000000000000000000e-01
5.623005628585815430e-01 1.572569012641906738e-01 3.769151866436004639e-01 5.000000000000000000e-01 5.000000000000000000e-01 5.000000000000000000e-01 5.000000000000000000e-01 5.000000000000000000e-01 5.000000000000000000e-01 5.000000000000000000e-01 5.000000000000000000e-01 5.000000000000000000e-01 5.000000000000000000e-01 5.000000000000000000e-01 5.000000000000000000e-01 5.000000000000000000e-01 5.000000000000000000e-01 5.000000000000000000e-01 5.000000000000000000e-01 5.000000000000000000e-01 5.000000000000000000e-01 5.000000000000000000e-01 5.000000000000000000e-01 5.000000000000000000e-01 5.000000000000000000e-01 5.000000000000000000e-01 5.000000000000000000e-01 5.000000000000000000e-01 5.000000000000000000e-01 5.000000000000000000e-01 5.000000000000000000e-01 5.000000000000000000e-01 5.000000000000000000e-01 5.000000000000000000e-01 5.000000000000000000e-01 5.000000000000000000e-01 5.000000000000000000e-01 5.000000000000000000e-01 5.000000000000000000e-01 5.000000000000000000e-01 5.000000000000000000e-01 5.000000000000000000e-01 5.000000000000000000e-01 5.000000000000000000e-01 5.000000000000000000e-01 5.000000000000000000e-01 5.000000000000000000e-01 5.000000000000000000e-01 5.000000000000000000e-01 5.000000000000000000e-01 5.000000000000000000e-01 5.000000000000000000e-01
4.329790174961090088e-01 3.462231755256652832e-01 2.815473079681396484e-01 5.000000000000000000e-01 5.000000000000000000e-01 5.000000000000000000e-01 5.000000000000000000e-01 5.000000000000000000e-01 5.000000000000000000e-01 5.000000000000000000e-01 5.000000000000000000e-01 5.000000000000000000e-01 5.000000000000000000e-01 5.000000000000000000e-01 5.000000000000000000e-01 5.000000000000000000e-01 5.000000000000000000e-01 5.000000000000000000e-01 5.000000000000000000e-01 5.000000000000000000e-01 5.000000000000000000e-01 5.000000000000000000e-01 5.000000000000000000e-01 5.000000000000000000e-01 5.000000000000000000e-01 5.000000000000000000e-01 5.000000000000000000e-01 5.000000000000000000e-01 5.000000000000000000e-01 5.000000000000000000e-01 5.000000000000000000e-01 5.000000000000000000e-01 5.000000000000000000e-01 5.000000000000000000e-01 5.000000000000000000e-01 5.000000000000000000e-01 5.000000000000000000e-01 5.000000000000000000e-01 5.000000000000000000e-01 5.000000000000000000e-01 5.000000000000000000e-01 5.000000000000000000e-01 5.000000000000000000e-01 5.000000000000000000e-01 5.000000000000000000e-01 5.000000000000000000e-01 5.000000000000000000e-01 5.000000000000000000e-01 5.000000000000000000e-01 5.000000000000000000e-01 5.000000000000000000e-01 5.000000000000000000e-01
6.231672763824462891e-01 4.382813274860382080e-01 3.169307112693786621e-01 5.000000000000000000e-01 5.000000000000000000e-01 5.000000000000000000e-01 5.000000000000000000e-01 5.000000000000000000e-01 5.000000000000000000e-01 5.000000000000000000e-01 5.000000000000000000e-01 5.000000000000000000e-01 5.000000000000000000e-01 5.000000000000000000e-01 5.000000000000000000e-01 5.000000000000000000e-01 5.000000000000000000e-01 5.000000000000000000e-01 5.000000000000000000e-01 5.000000000000000000e-01 5.000000000000000000e-01 5.000000000000000000e-01 5.000000000000000000e-01 5.000000000000000000e-01 5.000000000000000000e-01 5.000000000000000000e-01 5.000000000000000000e-01 5.000000000000000000e-01 5.000000000000000000e-01 5.000000000000000000e-01 5.000000000000000000e-01 5.000000000000000000e-01 5.000000000000000000e-01 5.000000000000000000e-01 5.000000000000000000e-01 5.000000000000000000e-01 5.000000000000000000e-01 5.000000000000000000e-01 5.000000000000000000e-01 5.000000000000000000e-01 5.000000000000000000e-01 5.000000000000000000e-01 5.000000000000000000e-01 5.000000000000000000e-01 5.000000000000000000e-01 5.000000000000000000e-01 5.000000000000000000e-01 5.000000000000000000e-01 5.000000000000000000e-01 5.000000000000000000e-01 5.000000000000000000e-01 5.000000000000000000e-01
5.288894176483154297e-01 2.513958215713500977e-01 5.626337528228759766e-01 5.000000000000000000e-01 5.000000000000000000e-01 5.000000000000000000e-01 5.000000000000000000e-01 5.000000000000000000e-01 5.000000000000000000e-01 5.000000000000000000e-01 5.000000000000000000e-01 5.000000000000000000e-01 5.000000000000000000e-01 5.000000000000000000e-01 5.000000000000000000e-01 5.000000000000000000e-01 5.000000000000000000e-01 5.000000000000000000e-01 5.000000000000000000e-01 5.000000000000000000e-01 5.000000000000000000e-01 5.000000000000000000e-01 5.000000000000000000e-01 5.000000000000000000e-01 5.000000000000000000e-01 5.000000000000000000e-01 5.000000000000000000e-01 5.000000000000000000e-01 5.000000000000000000e-01 5.000000000000000000e-01 5.000000000000000000e-01 5.000000000000000000e-01 5.000000000000000000e-01 5.000000000000000000e-01 5.000000000000000000e-01 5.000000000000000000e-01 5.000000000000000000e-01 5.000000000000000000e-01 5.000000000000000000e-01 5.000000000000000000e-01 5.000000000000000000e-01 5.000000000000000000e-01 5.000000000000000000e-01 5.000000000000000000e-01 5.000000000000000000e-01 5.000000000000000000e-01 5.000000000000000000e-01 5.000000000000000000e-01 5.000000000000000000e-01 5.000000000000000000e-01 5.000000000000000000e-01 5.000000000000000000e-01
6.531066298484802246e-01 5.989316701889038086e-01 7.251198291778564453e-01 5.000000000000000000e-01 5.000000000000000000e-01 5.000000000000000000e-01 5.000000000000000000e-01 5.000000000000000000e-01 5.000000000000000000e-01 5.000000000000000000e-01 5.000000000000000000e-01 5.000000000000000000e-01 5.000000000000000000e-01 5.000000000000000000e-01 5.000000000000000000e-01 5.000000000000000000e-01 5.000000000000000000e-01 5.000000000000000000e-01 5.000000000000000000e-01 5.000000000000000000e-01 5.000000000000000000e-01 5.000000000000000000e-01 5.000000000000000000e-01 5.000000000000000000e-01 5.000000000000000000e-01 5.000000000000000000e-01 5.000000000000000000e-01 5.000000000000000000e-01 5.000000000000000000e-01 5.000000000000000000e-01 5.000000000000000000e-01 5.000000000000000000e-01 5.000000000000000000e-01 5.000000000000000000e-01 5.000000000000000000e-01 5.000000000000000000e-01 5.000000000000000000e-01 5.000000000000000000e-01 5.000000000000000000e-01 5.000000000000000000e-01 5.000000000000000000e-01 5.000000000000000000e-01 5.000000000000000000e-01 5.000000000000000000e-01 5.000000000000000000e-01 5.000000000000000000e-01 5.000000000000000000e-01 5.000000000000000000e-01 5.000000000000000000e-01 5.000000000000000000e-01 5.000000000000000000e-01 5.000000000000000000e-01
5.885524153709411621e-01 9.105653762817382812e-01 9.073293209075927734e-01 5.000000000000000000e-01 5.000000000000000000e-01 5.000000000000000000e-01 5.000000000000000000e-01 5.000000000000000000e-01 5.000000000000000000e-01 5.000000000000000000e-01 5.000000000000000000e-01 5.000000000000000000e-01 5.000000000000000000e-01 5.000000000000000000e-01 5.000000000000000000e-01 5.000000000000000000e-01 5.000000000000000000e-01 5.000000000000000000e-01 5.000000000000000000e-01 5.000000000000000000e-01 5.000000000000000000e-01 5.000000000000000000e-01 5.000000000000000000e-01 5.000000000000000000e-01 5.000000000000000000e-01 5.000000000000000000e-01 5.000000000000000000e-01 5.000000000000000000e-01 5.000000000000000000e-01 5.000000000000000000e-01 5.000000000000000000e-01 5.000000000000000000e-01 5.000000000000000000e-01 5.000000000000000000e-01 5.000000000000000000e-01 5.000000000000000000e-01 5.000000000000000000e-01 5.000000000000000000e-01 5.000000000000000000e-01 5.000000000000000000e-01 5.000000000000000000e-01 5.000000000000000000e-01 5.000000000000000000e-01 5.000000000000000000e-01 5.000000000000000000e-01 5.000000000000000000e-01 5.000000000000000000e-01 5.000000000000000000e-01 5.000000000000000000e-01 5.000000000000000000e-01 5.000000000000000000e-01 5.000000000000000000e-01
8.097198009490966797e-01 3.790059387683868408e-01 7.849361300468444824e-01 5.000000000000000000e-01 5.000000000000000000e-01 5.000000000000000000e-01 5.000000000000000000e-01 5.000000000000000000e-01 5.000000000000000000e-01 5.000000000000000000e-01 5.000000000000000000e-01 5.000000000000000000e-01 5.000000000000000000e-01 5.000000000000000000e-01 5.000000000000000000e-01 5.000000000000000000e-01 5.000000000000000000e-01 5.000000000000000000e-01 5.000000000000000000e-01 5.000000000000000000e-01 5.000000000000000000e-01 5.000000000000000000e-01 5.000000000000000000e-01 5.000000000000000000e-01 5.000000000000000000e-01 5.000000000000000000e-01 5.000000000000000000e-01 5.000000000000000000e-01 5.000000000000000000e-01 5.000000000000000000e-01 5.000000000000000000e-01 5.000000000000000000e-01 5.000000000000000000e-01 5.000000000000000000e-01 5.000000000000000000e-01 5.000000000000000000e-01 5.000000000000000000e-01 5.000000000000000000e-01 5.000000000000000000e-01 5.000000000000000000e-01 5.000000000000000000e-01 5.000000000000000000e-01 5.000000000000000000e-01 5.000000000000000000e-01 5.000000000000000000e-01 5.000000000000000000e-01 5.000000000000000000e-01 5.000000000000000000e-01 5.000000000000000000e-01 5.000000000000000000e-01 5.000000000000000000e-01 5.000000000000000000e-01
2.434236258268356323e-01 3.133650422096252441e-01 6.298183798789978027e-01 5.000000000000000000e-01 5.000000000000000000e-01 5.000000000000000000e-01 5.000000000000000000e-01 5.000000000000000000e-01 5.000000000000000000e-01 5.000000000000000000e-01 5.000000000000000000e-01 5.000000000000000000e-01 5.000000000000000000e-01 5.000000000000000000e-01 5.000000000000000000e-01 5.000000000000000000e-01 5.000000000000000000e-01 5.000000000000000000e-01 5.000000000000000000e-01 5.000000000000000000e-01 5.000000000000000000e-01 5.000000000000000000e-01 5.000000000000000000e-01 5.000000000000000000e-01 5.000000000000000000e-01 5.000000000000000000e-01 5.000000000000000000e-01 5.000000000000000000e-01 5.000000000000000000e-01 5.000000000000000000e-01 5.000000000000000000e-01 5.000000000000000000e-01 5.000000000000000000e-01 5.000000000000000000e-01 5.000000000000000000e-01 5.000000000000000000e-01 5.000000000000000000e-01 5.000000000000000000e-01 5.000000000000000000e-01 5.000000000000000000e-01 5.000000000000000000e-01 5.000000000000000000e-01 5.000000000000000000e-01 5.000000000000000000e-01 5.000000000000000000e-01 5.000000000000000000e-01 5.000000000000000000e-01 5.000000000000000000e-01 5.000000000000000000e-01 5.000000000000000000e-01 5.000000000000000000e-01 5.000000000000000000e-01
