# MPMC pretrained pointset
# Contains following parameters (refer to QMCPy's MPMC documentation for more details): 
# 'loss_fn': L2ext
# 'lr': 0.001
# 'nlayers': 3
# 'weight_decay': 1e-06
# 'nhid': 32
# 'nbatch': 1
# 'epochs': 200000
# 'start_reduce': 100000
# 'radius': 0.35
# 'weights': None
# 'n_projections': 15
2 #d, the number of dimensions
120 #n, the number of points
9.584276080131530762e-01 2.917540967464447021e-01
7.899165153503417969e-01 3.357918858528137207e-01
6.978080272674560547e-01 7.784076333045959473e-01
7.960700392723083496e-01 8.187938928604125977e-01
5.718644857406616211e-01 5.662811994552612305e-01
2.343466728925704956e-01 9.263932704925537109e-01
1.286752671003341675e-01 6.066339015960693359e-01
2.124316096305847168e-01 7.396355271339416504e-01
4.025037884712219238e-01 9.697048366069793701e-02
3.122065961360931396e-01 1.887942552566528320e-01
1.805129945278167725e-01 6.299507617950439453e-01
2.791512310504913330e-01 8.421374559402465820e-01
2.011142820119857788e-01 5.119786262512207031e-01
4.489755034446716309e-01 4.498523771762847900e-01
5.233672857284545898e-01 9.749456644058227539e-01
1.209479048848152161e-01 1.241479292511940002e-01
2.443607449531555176e-01 6.919134855270385742e-01
2.694545388221740723e-01 5.764638781547546387e-01
5.901890397071838379e-01 8.329743146896362305e-01
7.293765544891357422e-01 3.072369694709777832e-01
5.447174608707427979e-02 2.411901801824569702e-01
5.609267354011535645e-01 9.026717543601989746e-01
2.283560335636138916e-01 3.807632029056549072e-01
1.413509100675582886e-01 3.267898559570312500e-01
8.171701431274414062e-01 9.204035997390747070e-01
4.731936752796173096e-01 3.921175748109817505e-02
6.276594009250402451e-03 5.557554308325052261e-03
8.806288242340087891e-02 8.230951428413391113e-01
6.210608482360839844e-01 1.304980069398880005e-01
3.840342760086059570e-01 2.125851362943649292e-01
2.858916819095611572e-01 2.611220777034759521e-01
9.458639025688171387e-01 4.871146976947784424e-01
5.155470967292785645e-01 5.516509413719177246e-01
3.173943459987640381e-01 7.523289918899536133e-01
8.583686947822570801e-01 8.644601702690124512e-01
9.293606281280517578e-01 6.979089975357055664e-01
9.347167611122131348e-01 1.809527724981307983e-01
4.169188737869262695e-01 4.953700304031372070e-01
1.065519899129867554e-01 4.117684662342071533e-01
7.087261676788330078e-01 1.981604397296905518e-01
4.647700190544128418e-01 3.186641335487365723e-01
4.090883135795593262e-01 8.565179109573364258e-01
6.908351778984069824e-01 4.029389917850494385e-01
8.491007089614868164e-01 4.571458101272583008e-01
4.983499944210052490e-01 1.105438098311424255e-01
3.944053053855895996e-01 5.982444882392883301e-01
9.996209144592285156e-01 9.924291968345642090e-01
8.741660118103027344e-01 6.213392615318298340e-01
5.033029317855834961e-01 7.226158380508422852e-01
8.275504112243652344e-01 6.603500843048095703e-01
6.610561609268188477e-01 6.129922866821289062e-01
8.664317727088928223e-01 2.194241285324096680e-01
4.301337897777557373e-02 6.636074781417846680e-01
4.586947560310363770e-01 8.758203983306884766e-01
5.959562063217163086e-01 1.480084937065839767e-02
9.341849386692047119e-02 2.765425741672515869e-01
5.383673906326293945e-01 1.605486422777175903e-01
1.720687747001647949e-01 9.095412492752075195e-01
3.316190540790557861e-01 6.712501049041748047e-01
7.526406645774841309e-01 6.943535804748535156e-02
8.072324395179748535e-01 5.051535964012145996e-01
5.841036438941955566e-01 2.501197457313537598e-01
5.567769408226013184e-01 2.831955850124359131e-01
3.667701184749603271e-01 3.928743004798889160e-01
4.886480867862701416e-01 4.208778738975524902e-01
3.729971945285797119e-01 8.074802756309509277e-01
3.519667685031890869e-01 5.333895683288574219e-01
5.285349488258361816e-01 3.716712296009063721e-01
7.352941036224365234e-01 8.892502784729003906e-01
8.972108480520546436e-05 4.537753388285636902e-02
8.881722092628479004e-01 7.590897083282470703e-01
3.869025707244873047e-01 9.633224606513977051e-01
6.493383049964904785e-01 9.369122385978698730e-01
3.275351524353027344e-01 2.546500042080879211e-02
7.785174250602722168e-01 1.503268629312515259e-01
8.205235004425048828e-01 8.861079066991806030e-02
5.459684133529663086e-01 7.048912644386291504e-01
7.176173925399780273e-01 6.823624968528747559e-01
9.140012264251708984e-01 1.171796247363090515e-01
9.629587531089782715e-01 8.457246422767639160e-01
7.456715703010559082e-01 4.329096972942352295e-01
4.294715225696563721e-01 1.748519986867904663e-01
1.143112555146217346e-01 8.827235102653503418e-01
6.917664408683776855e-02 4.557526856660842896e-02
1.883637011051177979e-01 2.253262847661972046e-01
2.181539237499237061e-01 1.437614113092422485e-01
7.720764279365539551e-01 7.336128950119018555e-01
9.758962392807006836e-01 4.098467826843261719e-01
3.198119997978210449e-02 4.746568202972412109e-01
6.532260179519653320e-01 2.342941612005233765e-01
6.381974220275878906e-01 7.966036796569824219e-01
2.984741628170013428e-01 4.679591059684753418e-01
2.302038297057151794e-02 1.678393334150314331e-01
9.188256263732910156e-01 9.544842839241027832e-01
7.065725922584533691e-01 9.869519472122192383e-01
6.367027759552001953e-02 7.158865928649902344e-01
8.947398066520690918e-01 3.659690618515014648e-01
6.771903634071350098e-01 5.223313570022583008e-01
1.501436084508895874e-01 7.865065336227416992e-01
7.602487802505493164e-01 5.844095945358276367e-01
9.962621331214904785e-01 9.801113009452819824e-01
6.014633178710937500e-01 6.388326287269592285e-01
3.057667315006256104e-01 9.476490020751953125e-01
6.657689227722585201e-04 1.240705233067274094e-02
7.798406481742858887e-02 5.418509244918823242e-01
6.711013317108154297e-01 5.259286984801292419e-02
1.010719934129156172e-04 4.901685938239097595e-02
1.612510383129119873e-01 4.405356645584106445e-01
6.320084929466247559e-01 3.543666303157806396e-01
9.091044068336486816e-01 5.449850559234619141e-01
1.087736617773771286e-02 5.870497226715087891e-01
1.683759540319442749e-01 6.271675229072570801e-02
6.131498813629150391e-01 4.790242910385131836e-01
3.411212563514709473e-01 2.971863448619842529e-01
2.539625465869903564e-01 3.443239331245422363e-01
8.362411856651306152e-01 2.692083418369293213e-01
2.639007568359375000e-01 8.056677132844924927e-02
4.365262389183044434e-01 6.512088775634765625e-01
9.865878224372863770e-01 7.164549231529235840e-01
4.769161641597747803e-01 7.675112485885620117e-01
