# MPMC pretrained pointset
# Contains following parameters (refer to QMCPy's MPMC documentation for more details): 
# 'loss_fn': L2sym
# 'lr': 0.001
# 'nlayers': 3
# 'weight_decay': 1e-06
# 'nhid': 32
# 'nbatch': 1
# 'epochs': 200000
# 'start_reduce': 100000
# 'radius': 0.35
# 'weights': None
# 'n_projections': 15
2 #d, the number of dimensions
64 #n, the number of points
6.657325625419616699e-01 7.499035000801086426e-01
3.262068927288055420e-01 3.048091232776641846e-01
1.141120046377182007e-01 8.504316210746765137e-01
8.172395825386047363e-01 8.504280447959899902e-01
8.445202112197875977e-01 8.004574775695800781e-01
6.657368540763854980e-01 1.556455194950103760e-01
8.691264986991882324e-01 3.958281874656677246e-01
3.026870191097259521e-01 7.408322691917419434e-01
1.972742825746536255e-01 7.116717696189880371e-01
1.686652749776840210e-01 8.004589676856994629e-01
8.004096746444702148e-01 4.797292053699493408e-01
7.570644021034240723e-01 5.697512030601501465e-01
2.670857906341552734e-01 9.303818345069885254e-01
2.868899106979370117e-01 3.612944483757019043e-01
4.166842103004455566e-01 9.998936653137207031e-01
8.445196151733398438e-01 2.386663258075714111e-01
7.751518487930297852e-01 8.860885500907897949e-01
4.317924380302429199e-01 9.999780654907226562e-01
4.910165965557098389e-01 5.983995795249938965e-01
3.786461353302001953e-01 9.999834299087524414e-01
5.589889287948608398e-01 4.557744860649108887e-01
4.386581778526306152e-01 9.722592234611511230e-01
7.751518487930297852e-01 1.251276582479476929e-01
7.348839193582534790e-02 6.160427331924438477e-01
6.951245069503784180e-01 3.340167403221130371e-01
7.221703529357910156e-01 6.401851773262023926e-01
2.038182020187377930e-01 1.410282850265502930e-01
5.378081798553466797e-01 2.801254987716674805e-01
4.166880846023559570e-01 4.256161628291010857e-05
1.686672121286392212e-01 2.093233317136764526e-01
5.769358277320861816e-01 8.814282715320587158e-02
3.448075950145721436e-01 5.251990556716918945e-01
9.570198059082031250e-01 5.402115583419799805e-01
8.889418244361877441e-01 7.116694450378417969e-01
3.786459267139434814e-01 6.635037425439804792e-05
7.297053337097167969e-01 2.093715220689773560e-01
3.623297214508056641e-01 6.261423230171203613e-02
8.833351731300354004e-02 3.340157568454742432e-01
3.829469084739685059e-01 6.680679917335510254e-01
9.288018941879272461e-01 6.160417795181274414e-01
4.508745670318603516e-01 8.257747292518615723e-01
2.018869668245315552e-02 3.958297967910766602e-01
2.670871019363403320e-01 1.073873862624168396e-01
4.317929744720458984e-01 2.770968899130821228e-02
4.070614278316497803e-01 2.551301419734954834e-01
9.102166891098022461e-01 3.048098683357238770e-01
5.208324193954467773e-01 7.778338789939880371e-01
6.433879733085632324e-01 5.058744549751281738e-01
4.603625237941741943e-01 3.799962103366851807e-01
1.450063735246658325e-01 4.834191501140594482e-01
6.951213479042053223e-01 9.495148062705993652e-01
9.795926213264465332e-01 3.612962663173675537e-01
2.257484346628189087e-01 6.338987350463867188e-01
4.514762386679649353e-02 5.402147173881530762e-01
5.769147276878356934e-01 9.101194143295288086e-01
8.172395825386047363e-01 5.147532373666763306e-02
4.217194020748138428e-01 5.576433539390563965e-01
3.623293340206146240e-01 8.765804171562194824e-01
5.011094212532043457e-01 1.817175596952438354e-01
2.478925883769989014e-01 4.380742311477661133e-01
5.929661393165588379e-01 6.879435777664184570e-01
1.141116693615913391e-01 2.386671155691146851e-01
4.386612176895141602e-01 1.761525345500558615e-05
6.169824600219726562e-01 4.137303531169891357e-01
