# MPMC pretrained pointset
# Contains following parameters (refer to QMCPy's MPMC documentation for more details): 
# 'loss_fn': L2ext
# 'lr': 0.001
# 'nlayers': 3
# 'weight_decay': 1e-06
# 'nhid': 32
# 'nbatch': 1
# 'epochs': 200000
# 'start_reduce': 100000
# 'radius': 0.35
# 'weights': None
# 'n_projections': 15
2 #d, the number of dimensions
80 #n, the number of points
9.516749382019042969e-01 4.488137066364288330e-01
8.108354210853576660e-01 4.091814160346984863e-01
1.078756377100944519e-01 5.233812332153320312e-01
6.151257157325744629e-01 6.412270665168762207e-01
1.610212773084640503e-01 1.987916976213455200e-01
9.014028310775756836e-01 1.903877556324005127e-01
2.800018787384033203e-01 2.598920464515686035e-01
3.355157077312469482e-01 6.560166180133819580e-02
6.593469977378845215e-01 5.335859060287475586e-01
2.636117041110992432e-01 5.804341435432434082e-01
3.447534143924713135e-01 4.556845128536224365e-01
4.116200804710388184e-01 5.519591569900512695e-01
2.917053401470184326e-01 8.387877345085144043e-01
8.633186817169189453e-01 7.982658147811889648e-01
7.485734224319458008e-01 1.611222773790359497e-01
5.477589964866638184e-01 5.984888672828674316e-01
1.948457658290863037e-01 3.241369128227233887e-01
9.988138675689697266e-01 9.980412721633911133e-01
1.761090010404586792e-01 6.288862228393554688e-01
7.354201376438140869e-02 7.059978842735290527e-01
2.285097837448120117e-01 4.868121743202209473e-01
1.389374434947967529e-01 4.210625290870666504e-01
9.868596196174621582e-01 9.856743216514587402e-01
5.904453992843627930e-01 8.209232091903686523e-01
7.162208557128906250e-01 8.785517215728759766e-01
9.974654912948608398e-01 9.964290261268615723e-01
4.262604117393493652e-01 9.088221192359924316e-02
5.773533582687377930e-01 4.365347027778625488e-01
3.609406650066375732e-01 7.877190709114074707e-01
7.002922892570495605e-01 3.751184940338134766e-01
5.309042930603027344e-01 3.013536334037780762e-01
7.753652930259704590e-01 7.497138381004333496e-01
4.642255604267120361e-02 6.063370704650878906e-01
4.682149291038513184e-01 5.012954473495483398e-01
5.583595037460327148e-01 1.093457266688346863e-01
3.389285178855061531e-03 7.403038907796144485e-03
8.412426710128784180e-01 7.679608464241027832e-02
7.588872909545898438e-01 5.715947747230529785e-01
9.984311461448669434e-01 9.977111816406250000e-01
6.727957725524902344e-01 1.283890902996063232e-01
3.221382200717926025e-01 6.599423885345458984e-01
9.707223773002624512e-01 6.547518968582153320e-01
3.598206909373402596e-03 7.972461171448230743e-03
1.132229045033454895e-01 2.951325848698616028e-02
4.859606623649597168e-01 7.242980003356933594e-01
4.531112611293792725e-01 1.787042170763015747e-01
8.312031626701354980e-01 6.178265810012817383e-01
3.864924907684326172e-01 9.211329817771911621e-01
5.629854202270507812e-01 9.694181680679321289e-01
2.099811136722564697e-01 7.413208484649658203e-01
6.856848597526550293e-01 6.793737411499023438e-01
9.148701429367065430e-01 7.109702825546264648e-01
1.213467270135879517e-01 8.053104281425476074e-01
3.057208657264709473e-01 3.632386624813079834e-01
2.153560221195220947e-01 4.739046096801757812e-02
2.947073243558406830e-02 3.829228281974792480e-01
8.823661208152770996e-01 5.147845745086669922e-01
5.198079347610473633e-01 7.698441743850708008e-01
9.573521018028259277e-01 9.615263938903808594e-01
4.555037915706634521e-01 9.471123218536376953e-01
7.110390067100524902e-01 3.663194552063941956e-02
6.453063488006591797e-01 8.539500832557678223e-01
7.878155708312988281e-01 2.457651644945144653e-01
1.536721736192703247e-01 8.696938753128051758e-01
2.424049675464630127e-01 9.047607779502868652e-01
9.953957200050354004e-01 9.942460656166076660e-01
5.997402667999267578e-01 2.132146507501602173e-01
6.107846274971961975e-02 1.540834754705429077e-01
2.494739294052124023e-01 1.416998952627182007e-01
8.536376357078552246e-01 3.123083114624023438e-01
6.348644495010375977e-01 2.756735086441040039e-01
8.954873681068420410e-01 9.324400424957275391e-01
9.311335086822509766e-01 3.479037880897521973e-01
3.735725879669189453e-01 2.311908602714538574e-01
4.343368709087371826e-01 6.933482289314270020e-01
7.295128107070922852e-01 4.724218547344207764e-01
8.012186884880065918e-01 8.982542753219604492e-01
5.005615353584289551e-01 3.425695598125457764e-01
8.957862108945846558e-02 2.844338417053222656e-01
3.948063254356384277e-01 3.965770602226257324e-01
