# MPMC pretrained pointset
# Contains following parameters (refer to QMCPy's MPMC documentation for more details): 
# 'loss_fn': L2mix
# 'lr': 0.001
# 'nlayers': 3
# 'weight_decay': 1e-06
# 'nhid': 32
# 'nbatch': 1
# 'epochs': 200000
# 'start_reduce': 100000
# 'radius': 0.35
# 'weights': None
# 'n_projections': 15
2 #d, the number of dimensions
70 #n, the number of points
5.636577606201171875e-01 6.654201745986938477e-01
9.911429882049560547e-01 9.351991415023803711e-01
2.756480276584625244e-01 3.901227414608001709e-01
9.805026650428771973e-01 3.788528740406036377e-01
6.186341643333435059e-01 3.085335791110992432e-01
2.353475689888000488e-01 9.484997987747192383e-01
6.344944238662719727e-01 5.806939005851745605e-01
7.092098593711853027e-01 8.095046877861022949e-01
9.201927781105041504e-01 6.085316538810729980e-01
8.221825957298278809e-01 8.663499355316162109e-01
1.092734634876251221e-01 7.900357991456985474e-02
2.924991548061370850e-01 5.523406863212585449e-01
4.046982526779174805e-01 8.904689922928810120e-03
8.903068304061889648e-01 7.493414878845214844e-01
8.477775454521179199e-01 6.633948534727096558e-02
1.520706117153167725e-01 2.794081568717956543e-01
8.793462514877319336e-01 9.440537542104721069e-02
7.199041247367858887e-01 3.995690122246742249e-02
9.274651855230331421e-02 5.079042911529541016e-01
4.786688387393951416e-01 7.807241082191467285e-01
2.508871555328369141e-01 7.949272990226745605e-01
7.515964508056640625e-01 1.799390166997909546e-01
8.335224986076354980e-01 4.199854135513305664e-01
6.939097642898559570e-01 5.201666951179504395e-01
5.512438416481018066e-01 2.485589310526847839e-02
1.340397298336029053e-01 4.651036262512207031e-01
8.053541183471679688e-01 7.089217901229858398e-01
2.075617462396621704e-01 3.513632416725158691e-01
7.836006581783294678e-02 2.069386690855026245e-01
6.764748692512512207e-01 8.919987678527832031e-01
3.380043506622314453e-01 2.530786395072937012e-01
7.916068434715270996e-01 2.924843728542327881e-01
6.502512693405151367e-01 1.388315260410308838e-01
5.067453980445861816e-01 1.220258846879005432e-01
2.621294260025024414e-01 1.068847775459289551e-01
2.213284820318222046e-01 6.212981939315795898e-01
1.781567335128784180e-01 5.934795737266540527e-01
1.935154795646667480e-01 5.199808254837989807e-02
8.624011874198913574e-01 5.638611316680908203e-01
9.499959945678710938e-01 4.936654269695281982e-01
3.752632811665534973e-02 8.782319426536560059e-01
6.062956452369689941e-01 9.762607216835021973e-01
3.503764867782592773e-01 9.913274645805358887e-01
3.100740909576416016e-01 4.075316190719604492e-01
5.799481272697448730e-01 2.202276289463043213e-01
4.620668888092041016e-01 2.367622554302215576e-01
4.363084137439727783e-01 5.357899069786071777e-01
4.189672768115997314e-01 4.352752566337585449e-01
6.577734649181365967e-02 7.217932343482971191e-01
9.356382489204406738e-01 8.248051404953002930e-01
3.235056996345520020e-01 7.358012199401855469e-01
3.778631687164306641e-01 8.369103074073791504e-01
7.618278264999389648e-01 9.611870646476745605e-01
1.635189950466156006e-01 8.503478169441223145e-01
3.643806576728820801e-01 1.668009161949157715e-01
9.642586708068847656e-01 1.935147941112518311e-01
9.054234623908996582e-01 2.648752331733703613e-01
3.922567367553710938e-01 6.360344886779785156e-01
4.514822959899902344e-01 9.074811935424804688e-01
8.891326375305652618e-03 6.779461503028869629e-01
6.643244624137878418e-01 4.505756199359893799e-01
2.237075567245483398e-02 3.221110105514526367e-01
4.919184148311614990e-01 3.360755741596221924e-01
5.194063782691955566e-01 6.940748691558837891e-01
5.365073680877685547e-01 4.799656271934509277e-01
5.920094251632690430e-01 7.638836503028869629e-01
7.747653126716613770e-01 6.494568586349487305e-01
7.345538735389709473e-01 3.643494248390197754e-01
1.194859445095062256e-01 9.227418899536132812e-01
4.833057522773742676e-02 1.509421765804290771e-01
