# MPMC pretrained pointset
# Contains following parameters (refer to QMCPy's MPMC documentation for more details): 
# 'loss_fn': L2sym_weighted
# 'lr': 0.001
# 'nlayers': 3
# 'weight_decay': 1e-06
# 'nhid': 32
# 'nbatch': 16
# 'epochs': 200000
# 'start_reduce': 100000
# 'radius': 0.35
# 'weights': 1110000000000000000000000000000000000000000000000000
# 'n_projections': 15
52 #d, the number of dimensions
64 #n, the number of points
1.769307553768157959e-01 9.613373875617980957e-01 9.174792170524597168e-01 5.000000000000000000e-01 5.000000000000000000e-01 5.000000000000000000e-01 5.000000000000000000e-01 5.000000000000000000e-01 5.000000000000000000e-01 5.000000000000000000e-01 5.000000000000000000e-01 5.000000000000000000e-01 5.000000000000000000e-01 5.000000000000000000e-01 5.000000000000000000e-01 5.000000000000000000e-01 5.000000000000000000e-01 5.000000000000000000e-01 5.000000000000000000e-01 5.000000000000000000e-01 5.000000000000000000e-01 5.000000000000000000e-01 5.000000000000000000e-01 5.000000000000000000e-01 5.000000000000000000e-01 5.000000000000000000e-01 5.000000000000000000e-01 5.000000000000000000e-01 5.000000000000000000e-01 5.000000000000000000e-01 5.000000000000000000e-01 5.000000000000000000e-01 5.000000000000000000e-01 5.000000000000000000e-01 5.000000000000000000e-01 5.000000000000000000e-01 5.000000000000000000e-01 5.000000000000000000e-01 5.000000000000000000e-01 5.000000000000000000e-01 5.000000000000000000e-01 5.000000000000000000e-01 5.000000000000000000e-01 5.000000000000000000e-01 5.000000000000000000e-01 5.000000000000000000e-01 5.000000000000000000e-01 5.000000000000000000e-01 5.000000000000000000e-01 5.000000000000000000e-01 5.000000000000000000e-01 5.000000000000000000e-01
6.016477346420288086e-01 7.896833419799804688e-01 5.389215946197509766e-01 5.000000000000000000e-01 5.000000000000000000e-01 5.000000000000000000e-01 5.000000000000000000e-01 5.000000000000000000e-01 5.000000000000000000e-01 5.000000000000000000e-01 5.000000000000000000e-01 5.000000000000000000e-01 5.000000000000000000e-01 5.000000000000000000e-01 5.000000000000000000e-01 5.000000000000000000e-01 5.000000000000000000e-01 5.000000000000000000e-01 5.000000000000000000e-01 5.000000000000000000e-01 5.000000000000000000e-01 5.000000000000000000e-01 5.000000000000000000e-01 5.000000000000000000e-01 5.000000000000000000e-01 5.000000000000000000e-01 5.000000000000000000e-01 5.000000000000000000e-01 5.000000000000000000e-01 5.000000000000000000e-01 5.000000000000000000e-01 5.000000000000000000e-01 5.000000000000000000e-01 5.000000000000000000e-01 5.000000000000000000e-01 5.000000000000000000e-01 5.000000000000000000e-01 5.000000000000000000e-01 5.000000000000000000e-01 5.000000000000000000e-01 5.000000000000000000e-01 5.000000000000000000e-01 5.000000000000000000e-01 5.000000000000000000e-01 5.000000000000000000e-01 5.000000000000000000e-01 5.000000000000000000e-01 5.000000000000000000e-01 5.000000000000000000e-01 5.000000000000000000e-01 5.000000000000000000e-01 5.000000000000000000e-01
7.090952992439270020e-01 9.479440450668334961e-01 1.656797677278518677e-01 5.000000000000000000e-01 5.000000000000000000e-01 5.000000000000000000e-01 5.000000000000000000e-01 5.000000000000000000e-01 5.000000000000000000e-01 5.000000000000000000e-01 5.000000000000000000e-01 5.000000000000000000e-01 5.000000000000000000e-01 5.000000000000000000e-01 5.000000000000000000e-01 5.000000000000000000e-01 5.000000000000000000e-01 5.000000000000000000e-01 5.000000000000000000e-01 5.000000000000000000e-01 5.000000000000000000e-01 5.000000000000000000e-01 5.000000000000000000e-01 5.000000000000000000e-01 5.000000000000000000e-01 5.000000000000000000e-01 5.000000000000000000e-01 5.000000000000000000e-01 5.000000000000000000e-01 5.000000000000000000e-01 5.000000000000000000e-01 5.000000000000000000e-01 5.000000000000000000e-01 5.000000000000000000e-01 5.000000000000000000e-01 5.000000000000000000e-01 5.000000000000000000e-01 5.000000000000000000e-01 5.000000000000000000e-01 5.000000000000000000e-01 5.000000000000000000e-01 5.000000000000000000e-01 5.000000000000000000e-01 5.000000000000000000e-01 5.000000000000000000e-01 5.000000000000000000e-01 5.000000000000000000e-01 5.000000000000000000e-01 5.000000000000000000e-01 5.000000000000000000e-01 5.000000000000000000e-01 5.000000000000000000e-01
3.035649359226226807e-01 5.392137169837951660e-01 8.663207292556762695e-01 5.000000000000000000e-01 5.000000000000000000e-01 5.000000000000000000e-01 5.000000000000000000e-01 5.000000000000000000e-01 5.000000000000000000e-01 5.000000000000000000e-01 5.000000000000000000e-01 5.000000000000000000e-01 5.000000000000000000e-01 5.000000000000000000e-01 5.000000000000000000e-01 5.000000000000000000e-01 5.000000000000000000e-01 5.000000000000000000e-01 5.000000000000000000e-01 5.000000000000000000e-01 5.000000000000000000e-01 5.000000000000000000e-01 5.000000000000000000e-01 5.000000000000000000e-01 5.000000000000000000e-01 5.000000000000000000e-01 5.000000000000000000e-01 5.000000000000000000e-01 5.000000000000000000e-01 5.000000000000000000e-01 5.000000000000000000e-01 5.000000000000000000e-01 5.000000000000000000e-01 5.000000000000000000e-01 5.000000000000000000e-01 5.000000000000000000e-01 5.000000000000000000e-01 5.000000000000000000e-01 5.000000000000000000e-01 5.000000000000000000e-01 5.000000000000000000e-01 5.000000000000000000e-01 5.000000000000000000e-01 5.000000000000000000e-01 5.000000000000000000e-01 5.000000000000000000e-01 5.000000000000000000e-01 5.000000000000000000e-01 5.000000000000000000e-01 5.000000000000000000e-01 5.000000000000000000e-01 5.000000000000000000e-01
8.663361072540283203e-01 3.822043240070343018e-01 7.113288044929504395e-01 5.000000000000000000e-01 5.000000000000000000e-01 5.000000000000000000e-01 5.000000000000000000e-01 5.000000000000000000e-01 5.000000000000000000e-01 5.000000000000000000e-01 5.000000000000000000e-01 5.000000000000000000e-01 5.000000000000000000e-01 5.000000000000000000e-01 5.000000000000000000e-01 5.000000000000000000e-01 5.000000000000000000e-01 5.000000000000000000e-01 5.000000000000000000e-01 5.000000000000000000e-01 5.000000000000000000e-01 5.000000000000000000e-01 5.000000000000000000e-01 5.000000000000000000e-01 5.000000000000000000e-01 5.000000000000000000e-01 5.000000000000000000e-01 5.000000000000000000e-01 5.000000000000000000e-01 5.000000000000000000e-01 5.000000000000000000e-01 5.000000000000000000e-01 5.000000000000000000e-01 5.000000000000000000e-01 5.000000000000000000e-01 5.000000000000000000e-01 5.000000000000000000e-01 5.000000000000000000e-01 5.000000000000000000e-01 5.000000000000000000e-01 5.000000000000000000e-01 5.000000000000000000e-01 5.000000000000000000e-01 5.000000000000000000e-01 5.000000000000000000e-01 5.000000000000000000e-01 5.000000000000000000e-01 5.000000000000000000e-01 5.000000000000000000e-01 5.000000000000000000e-01 5.000000000000000000e-01 5.000000000000000000e-01
8.835502266883850098e-01 9.899262189865112305e-01 6.659928560256958008e-01 5.000000000000000000e-01 5.000000000000000000e-01 5.000000000000000000e-01 5.000000000000000000e-01 5.000000000000000000e-01 5.000000000000000000e-01 5.000000000000000000e-01 5.000000000000000000e-01 5.000000000000000000e-01 5.000000000000000000e-01 5.000000000000000000e-01 5.000000000000000000e-01 5.000000000000000000e-01 5.000000000000000000e-01 5.000000000000000000e-01 5.000000000000000000e-01 5.000000000000000000e-01 5.000000000000000000e-01 5.000000000000000000e-01 5.000000000000000000e-01 5.000000000000000000e-01 5.000000000000000000e-01 5.000000000000000000e-01 5.000000000000000000e-01 5.000000000000000000e-01 5.000000000000000000e-01 5.000000000000000000e-01 5.000000000000000000e-01 5.000000000000000000e-01 5.000000000000000000e-01 5.000000000000000000e-01 5.000000000000000000e-01 5.000000000000000000e-01 5.000000000000000000e-01 5.000000000000000000e-01 5.000000000000000000e-01 5.000000000000000000e-01 5.000000000000000000e-01 5.000000000000000000e-01 5.000000000000000000e-01 5.000000000000000000e-01 5.000000000000000000e-01 5.000000000000000000e-01 5.000000000000000000e-01 5.000000000000000000e-01 5.000000000000000000e-01 5.000000000000000000e-01 5.000000000000000000e-01 5.000000000000000000e-01
8.932592272758483887e-01 1.643356829881668091e-01 2.286882251501083374e-01 5.000000000000000000e-01 5.000000000000000000e-01 5.000000000000000000e-01 5.000000000000000000e-01 5.000000000000000000e-01 5.000000000000000000e-01 5.000000000000000000e-01 5.000000000000000000e-01 5.000000000000000000e-01 5.000000000000000000e-01 5.000000000000000000e-01 5.000000000000000000e-01 5.000000000000000000e-01 5.000000000000000000e-01 5.000000000000000000e-01 5.000000000000000000e-01 5.000000000000000000e-01 5.000000000000000000e-01 5.000000000000000000e-01 5.000000000000000000e-01 5.000000000000000000e-01 5.000000000000000000e-01 5.000000000000000000e-01 5.000000000000000000e-01 5.000000000000000000e-01 5.000000000000000000e-01 5.000000000000000000e-01 5.000000000000000000e-01 5.000000000000000000e-01 5.000000000000000000e-01 5.000000000000000000e-01 5.000000000000000000e-01 5.000000000000000000e-01 5.000000000000000000e-01 5.000000000000000000e-01 5.000000000000000000e-01 5.000000000000000000e-01 5.000000000000000000e-01 5.000000000000000000e-01 5.000000000000000000e-01 5.000000000000000000e-01 5.000000000000000000e-01 5.000000000000000000e-01 5.000000000000000000e-01 5.000000000000000000e-01 5.000000000000000000e-01 5.000000000000000000e-01 5.000000000000000000e-01 5.000000000000000000e-01
5.240943431854248047e-01 2.116677314043045044e-01 6.326482295989990234e-01 5.000000000000000000e-01 5.000000000000000000e-01 5.000000000000000000e-01 5.000000000000000000e-01 5.000000000000000000e-01 5.000000000000000000e-01 5.000000000000000000e-01 5.000000000000000000e-01 5.000000000000000000e-01 5.000000000000000000e-01 5.000000000000000000e-01 5.000000000000000000e-01 5.000000000000000000e-01 5.000000000000000000e-01 5.000000000000000000e-01 5.000000000000000000e-01 5.000000000000000000e-01 5.000000000000000000e-01 5.000000000000000000e-01 5.000000000000000000e-01 5.000000000000000000e-01 5.000000000000000000e-01 5.000000000000000000e-01 5.000000000000000000e-01 5.000000000000000000e-01 5.000000000000000000e-01 5.000000000000000000e-01 5.000000000000000000e-01 5.000000000000000000e-01 5.000000000000000000e-01 5.000000000000000000e-01 5.000000000000000000e-01 5.000000000000000000e-01 5.000000000000000000e-01 5.000000000000000000e-01 5.000000000000000000e-01 5.000000000000000000e-01 5.000000000000000000e-01 5.000000000000000000e-01 5.000000000000000000e-01 5.000000000000000000e-01 5.000000000000000000e-01 5.000000000000000000e-01 5.000000000000000000e-01 5.000000000000000000e-01 5.000000000000000000e-01 5.000000000000000000e-01 5.000000000000000000e-01 5.000000000000000000e-01
5.855728983879089355e-01 5.082021951675415039e-01 4.776229262351989746e-01 5.000000000000000000e-01 5.000000000000000000e-01 5.000000000000000000e-01 5.000000000000000000e-01 5.000000000000000000e-01 5.000000000000000000e-01 5.000000000000000000e-01 5.000000000000000000e-01 5.000000000000000000e-01 5.000000000000000000e-01 5.000000000000000000e-01 5.000000000000000000e-01 5.000000000000000000e-01 5.000000000000000000e-01 5.000000000000000000e-01 5.000000000000000000e-01 5.000000000000000000e-01 5.000000000000000000e-01 5.000000000000000000e-01 5.000000000000000000e-01 5.000000000000000000e-01 5.000000000000000000e-01 5.000000000000000000e-01 5.000000000000000000e-01 5.000000000000000000e-01 5.000000000000000000e-01 5.000000000000000000e-01 5.000000000000000000e-01 5.000000000000000000e-01 5.000000000000000000e-01 5.000000000000000000e-01 5.000000000000000000e-01 5.000000000000000000e-01 5.000000000000000000e-01 5.000000000000000000e-01 5.000000000000000000e-01 5.000000000000000000e-01 5.000000000000000000e-01 5.000000000000000000e-01 5.000000000000000000e-01 5.000000000000000000e-01 5.000000000000000000e-01 5.000000000000000000e-01 5.000000000000000000e-01 5.000000000000000000e-01 5.000000000000000000e-01 5.000000000000000000e-01 5.000000000000000000e-01 5.000000000000000000e-01
1.362973451614379883e-01 4.156444072723388672e-01 7.242769598960876465e-01 5.000000000000000000e-01 5.000000000000000000e-01 5.000000000000000000e-01 5.000000000000000000e-01 5.000000000000000000e-01 5.000000000000000000e-01 5.000000000000000000e-01 5.000000000000000000e-01 5.000000000000000000e-01 5.000000000000000000e-01 5.000000000000000000e-01 5.000000000000000000e-01 5.000000000000000000e-01 5.000000000000000000e-01 5.000000000000000000e-01 5.000000000000000000e-01 5.000000000000000000e-01 5.000000000000000000e-01 5.000000000000000000e-01 5.000000000000000000e-01 5.000000000000000000e-01 5.000000000000000000e-01 5.000000000000000000e-01 5.000000000000000000e-01 5.000000000000000000e-01 5.000000000000000000e-01 5.000000000000000000e-01 5.000000000000000000e-01 5.000000000000000000e-01 5.000000000000000000e-01 5.000000000000000000e-01 5.000000000000000000e-01 5.000000000000000000e-01 5.000000000000000000e-01 5.000000000000000000e-01 5.000000000000000000e-01 5.000000000000000000e-01 5.000000000000000000e-01 5.000000000000000000e-01 5.000000000000000000e-01 5.000000000000000000e-01 5.000000000000000000e-01 5.000000000000000000e-01 5.000000000000000000e-01 5.000000000000000000e-01 5.000000000000000000e-01 5.000000000000000000e-01 5.000000000000000000e-01 5.000000000000000000e-01
7.712971568107604980e-01 8.979334831237792969e-01 3.843487501144409180e-01 5.000000000000000000e-01 5.000000000000000000e-01 5.000000000000000000e-01 5.000000000000000000e-01 5.000000000000000000e-01 5.000000000000000000e-01 5.000000000000000000e-01 5.000000000000000000e-01 5.000000000000000000e-01 5.000000000000000000e-01 5.000000000000000000e-01 5.000000000000000000e-01 5.000000000000000000e-01 5.000000000000000000e-01 5.000000000000000000e-01 5.000000000000000000e-01 5.000000000000000000e-01 5.000000000000000000e-01 5.000000000000000000e-01 5.000000000000000000e-01 5.000000000000000000e-01 5.000000000000000000e-01 5.000000000000000000e-01 5.000000000000000000e-01 5.000000000000000000e-01 5.000000000000000000e-01 5.000000000000000000e-01 5.000000000000000000e-01 5.000000000000000000e-01 5.000000000000000000e-01 5.000000000000000000e-01 5.000000000000000000e-01 5.000000000000000000e-01 5.000000000000000000e-01 5.000000000000000000e-01 5.000000000000000000e-01 5.000000000000000000e-01 5.000000000000000000e-01 5.000000000000000000e-01 5.000000000000000000e-01 5.000000000000000000e-01 5.000000000000000000e-01 5.000000000000000000e-01 5.000000000000000000e-01 5.000000000000000000e-01 5.000000000000000000e-01 5.000000000000000000e-01 5.000000000000000000e-01 5.000000000000000000e-01
2.283485382795333862e-01 1.775330305099487305e-01 7.559539675712585449e-01 5.000000000000000000e-01 5.000000000000000000e-01 5.000000000000000000e-01 5.000000000000000000e-01 5.000000000000000000e-01 5.000000000000000000e-01 5.000000000000000000e-01 5.000000000000000000e-01 5.000000000000000000e-01 5.000000000000000000e-01 5.000000000000000000e-01 5.000000000000000000e-01 5.000000000000000000e-01 5.000000000000000000e-01 5.000000000000000000e-01 5.000000000000000000e-01 5.000000000000000000e-01 5.000000000000000000e-01 5.000000000000000000e-01 5.000000000000000000e-01 5.000000000000000000e-01 5.000000000000000000e-01 5.000000000000000000e-01 5.000000000000000000e-01 5.000000000000000000e-01 5.000000000000000000e-01 5.000000000000000000e-01 5.000000000000000000e-01 5.000000000000000000e-01 5.000000000000000000e-01 5.000000000000000000e-01 5.000000000000000000e-01 5.000000000000000000e-01 5.000000000000000000e-01 5.000000000000000000e-01 5.000000000000000000e-01 5.000000000000000000e-01 5.000000000000000000e-01 5.000000000000000000e-01 5.000000000000000000e-01 5.000000000000000000e-01 5.000000000000000000e-01 5.000000000000000000e-01 5.000000000000000000e-01 5.000000000000000000e-01 5.000000000000000000e-01 5.000000000000000000e-01 5.000000000000000000e-01 5.000000000000000000e-01
6.962800621986389160e-01 2.557608783245086670e-01 4.615397155284881592e-01 5.000000000000000000e-01 5.000000000000000000e-01 5.000000000000000000e-01 5.000000000000000000e-01 5.000000000000000000e-01 5.000000000000000000e-01 5.000000000000000000e-01 5.000000000000000000e-01 5.000000000000000000e-01 5.000000000000000000e-01 5.000000000000000000e-01 5.000000000000000000e-01 5.000000000000000000e-01 5.000000000000000000e-01 5.000000000000000000e-01 5.000000000000000000e-01 5.000000000000000000e-01 5.000000000000000000e-01 5.000000000000000000e-01 5.000000000000000000e-01 5.000000000000000000e-01 5.000000000000000000e-01 5.000000000000000000e-01 5.000000000000000000e-01 5.000000000000000000e-01 5.000000000000000000e-01 5.000000000000000000e-01 5.000000000000000000e-01 5.000000000000000000e-01 5.000000000000000000e-01 5.000000000000000000e-01 5.000000000000000000e-01 5.000000000000000000e-01 5.000000000000000000e-01 5.000000000000000000e-01 5.000000000000000000e-01 5.000000000000000000e-01 5.000000000000000000e-01 5.000000000000000000e-01 5.000000000000000000e-01 5.000000000000000000e-01 5.000000000000000000e-01 5.000000000000000000e-01 5.000000000000000000e-01 5.000000000000000000e-01 5.000000000000000000e-01 5.000000000000000000e-01 5.000000000000000000e-01 5.000000000000000000e-01
6.204441785812377930e-01 5.710567831993103027e-01 9.914492964744567871e-01 5.000000000000000000e-01 5.000000000000000000e-01 5.000000000000000000e-01 5.000000000000000000e-01 5.000000000000000000e-01 5.000000000000000000e-01 5.000000000000000000e-01 5.000000000000000000e-01 5.000000000000000000e-01 5.000000000000000000e-01 5.000000000000000000e-01 5.000000000000000000e-01 5.000000000000000000e-01 5.000000000000000000e-01 5.000000000000000000e-01 5.000000000000000000e-01 5.000000000000000000e-01 5.000000000000000000e-01 5.000000000000000000e-01 5.000000000000000000e-01 5.000000000000000000e-01 5.000000000000000000e-01 5.000000000000000000e-01 5.000000000000000000e-01 5.000000000000000000e-01 5.000000000000000000e-01 5.000000000000000000e-01 5.000000000000000000e-01 5.000000000000000000e-01 5.000000000000000000e-01 5.000000000000000000e-01 5.000000000000000000e-01 5.000000000000000000e-01 5.000000000000000000e-01 5.000000000000000000e-01 5.000000000000000000e-01 5.000000000000000000e-01 5.000000000000000000e-01 5.000000000000000000e-01 5.000000000000000000e-01 5.000000000000000000e-01 5.000000000000000000e-01 5.000000000000000000e-01 5.000000000000000000e-01 5.000000000000000000e-01 5.000000000000000000e-01 5.000000000000000000e-01 5.000000000000000000e-01 5.000000000000000000e-01
6.338372826576232910e-01 4.896687865257263184e-01 1.027307361364364624e-01 5.000000000000000000e-01 5.000000000000000000e-01 5.000000000000000000e-01 5.000000000000000000e-01 5.000000000000000000e-01 5.000000000000000000e-01 5.000000000000000000e-01 5.000000000000000000e-01 5.000000000000000000e-01 5.000000000000000000e-01 5.000000000000000000e-01 5.000000000000000000e-01 5.000000000000000000e-01 5.000000000000000000e-01 5.000000000000000000e-01 5.000000000000000000e-01 5.000000000000000000e-01 5.000000000000000000e-01 5.000000000000000000e-01 5.000000000000000000e-01 5.000000000000000000e-01 5.000000000000000000e-01 5.000000000000000000e-01 5.000000000000000000e-01 5.000000000000000000e-01 5.000000000000000000e-01 5.000000000000000000e-01 5.000000000000000000e-01 5.000000000000000000e-01 5.000000000000000000e-01 5.000000000000000000e-01 5.000000000000000000e-01 5.000000000000000000e-01 5.000000000000000000e-01 5.000000000000000000e-01 5.000000000000000000e-01 5.000000000000000000e-01 5.000000000000000000e-01 5.000000000000000000e-01 5.000000000000000000e-01 5.000000000000000000e-01 5.000000000000000000e-01 5.000000000000000000e-01 5.000000000000000000e-01 5.000000000000000000e-01 5.000000000000000000e-01 5.000000000000000000e-01 5.000000000000000000e-01 5.000000000000000000e-01
7.449021935462951660e-01 2.427849173545837402e-02 9.731276035308837891e-01 5.000000000000000000e-01 5.000000000000000000e-01 5.000000000000000000e-01 5.000000000000000000e-01 5.000000000000000000e-01 5.000000000000000000e-01 5.000000000000000000e-01 5.000000000000000000e-01 5.000000000000000000e-01 5.000000000000000000e-01 5.000000000000000000e-01 5.000000000000000000e-01 5.000000000000000000e-01 5.000000000000000000e-01 5.000000000000000000e-01 5.000000000000000000e-01 5.000000000000000000e-01 5.000000000000000000e-01 5.000000000000000000e-01 5.000000000000000000e-01 5.000000000000000000e-01 5.000000000000000000e-01 5.000000000000000000e-01 5.000000000000000000e-01 5.000000000000000000e-01 5.000000000000000000e-01 5.000000000000000000e-01 5.000000000000000000e-01 5.000000000000000000e-01 5.000000000000000000e-01 5.000000000000000000e-01 5.000000000000000000e-01 5.000000000000000000e-01 5.000000000000000000e-01 5.000000000000000000e-01 5.000000000000000000e-01 5.000000000000000000e-01 5.000000000000000000e-01 5.000000000000000000e-01 5.000000000000000000e-01 5.000000000000000000e-01 5.000000000000000000e-01 5.000000000000000000e-01 5.000000000000000000e-01 5.000000000000000000e-01 5.000000000000000000e-01 5.000000000000000000e-01 5.000000000000000000e-01 5.000000000000000000e-01
2.577657699584960938e-01 8.661824464797973633e-01 1.510920822620391846e-01 5.000000000000000000e-01 5.000000000000000000e-01 5.000000000000000000e-01 5.000000000000000000e-01 5.000000000000000000e-01 5.000000000000000000e-01 5.000000000000000000e-01 5.000000000000000000e-01 5.000000000000000000e-01 5.000000000000000000e-01 5.000000000000000000e-01 5.000000000000000000e-01 5.000000000000000000e-01 5.000000000000000000e-01 5.000000000000000000e-01 5.000000000000000000e-01 5.000000000000000000e-01 5.000000000000000000e-01 5.000000000000000000e-01 5.000000000000000000e-01 5.000000000000000000e-01 5.000000000000000000e-01 5.000000000000000000e-01 5.000000000000000000e-01 5.000000000000000000e-01 5.000000000000000000e-01 5.000000000000000000e-01 5.000000000000000000e-01 5.000000000000000000e-01 5.000000000000000000e-01 5.000000000000000000e-01 5.000000000000000000e-01 5.000000000000000000e-01 5.000000000000000000e-01 5.000000000000000000e-01 5.000000000000000000e-01 5.000000000000000000e-01 5.000000000000000000e-01 5.000000000000000000e-01 5.000000000000000000e-01 5.000000000000000000e-01 5.000000000000000000e-01 5.000000000000000000e-01 5.000000000000000000e-01 5.000000000000000000e-01 5.000000000000000000e-01 5.000000000000000000e-01 5.000000000000000000e-01 5.000000000000000000e-01
1.033259779214859009e-01 5.845140814781188965e-01 3.394976854324340820e-01 5.000000000000000000e-01 5.000000000000000000e-01 5.000000000000000000e-01 5.000000000000000000e-01 5.000000000000000000e-01 5.000000000000000000e-01 5.000000000000000000e-01 5.000000000000000000e-01 5.000000000000000000e-01 5.000000000000000000e-01 5.000000000000000000e-01 5.000000000000000000e-01 5.000000000000000000e-01 5.000000000000000000e-01 5.000000000000000000e-01 5.000000000000000000e-01 5.000000000000000000e-01 5.000000000000000000e-01 5.000000000000000000e-01 5.000000000000000000e-01 5.000000000000000000e-01 5.000000000000000000e-01 5.000000000000000000e-01 5.000000000000000000e-01 5.000000000000000000e-01 5.000000000000000000e-01 5.000000000000000000e-01 5.000000000000000000e-01 5.000000000000000000e-01 5.000000000000000000e-01 5.000000000000000000e-01 5.000000000000000000e-01 5.000000000000000000e-01 5.000000000000000000e-01 5.000000000000000000e-01 5.000000000000000000e-01 5.000000000000000000e-01 5.000000000000000000e-01 5.000000000000000000e-01 5.000000000000000000e-01 5.000000000000000000e-01 5.000000000000000000e-01 5.000000000000000000e-01 5.000000000000000000e-01 5.000000000000000000e-01 5.000000000000000000e-01 5.000000000000000000e-01 5.000000000000000000e-01 5.000000000000000000e-01
2.259512990713119507e-02 6.932714581489562988e-01 9.032439440488815308e-02 5.000000000000000000e-01 5.000000000000000000e-01 5.000000000000000000e-01 5.000000000000000000e-01 5.000000000000000000e-01 5.000000000000000000e-01 5.000000000000000000e-01 5.000000000000000000e-01 5.000000000000000000e-01 5.000000000000000000e-01 5.000000000000000000e-01 5.000000000000000000e-01 5.000000000000000000e-01 5.000000000000000000e-01 5.000000000000000000e-01 5.000000000000000000e-01 5.000000000000000000e-01 5.000000000000000000e-01 5.000000000000000000e-01 5.000000000000000000e-01 5.000000000000000000e-01 5.000000000000000000e-01 5.000000000000000000e-01 5.000000000000000000e-01 5.000000000000000000e-01 5.000000000000000000e-01 5.000000000000000000e-01 5.000000000000000000e-01 5.000000000000000000e-01 5.000000000000000000e-01 5.000000000000000000e-01 5.000000000000000000e-01 5.000000000000000000e-01 5.000000000000000000e-01 5.000000000000000000e-01 5.000000000000000000e-01 5.000000000000000000e-01 5.000000000000000000e-01 5.000000000000000000e-01 5.000000000000000000e-01 5.000000000000000000e-01 5.000000000000000000e-01 5.000000000000000000e-01 5.000000000000000000e-01 5.000000000000000000e-01 5.000000000000000000e-01 5.000000000000000000e-01 5.000000000000000000e-01 5.000000000000000000e-01
3.818977773189544678e-01 4.762808978557586670e-01 8.330412507057189941e-01 5.000000000000000000e-01 5.000000000000000000e-01 5.000000000000000000e-01 5.000000000000000000e-01 5.000000000000000000e-01 5.000000000000000000e-01 5.000000000000000000e-01 5.000000000000000000e-01 5.000000000000000000e-01 5.000000000000000000e-01 5.000000000000000000e-01 5.000000000000000000e-01 5.000000000000000000e-01 5.000000000000000000e-01 5.000000000000000000e-01 5.000000000000000000e-01 5.000000000000000000e-01 5.000000000000000000e-01 5.000000000000000000e-01 5.000000000000000000e-01 5.000000000000000000e-01 5.000000000000000000e-01 5.000000000000000000e-01 5.000000000000000000e-01 5.000000000000000000e-01 5.000000000000000000e-01 5.000000000000000000e-01 5.000000000000000000e-01 5.000000000000000000e-01 5.000000000000000000e-01 5.000000000000000000e-01 5.000000000000000000e-01 5.000000000000000000e-01 5.000000000000000000e-01 5.000000000000000000e-01 5.000000000000000000e-01 5.000000000000000000e-01 5.000000000000000000e-01 5.000000000000000000e-01 5.000000000000000000e-01 5.000000000000000000e-01 5.000000000000000000e-01 5.000000000000000000e-01 5.000000000000000000e-01 5.000000000000000000e-01 5.000000000000000000e-01 5.000000000000000000e-01 5.000000000000000000e-01 5.000000000000000000e-01
4.752646982669830322e-01 6.012852787971496582e-01 5.701180100440979004e-01 5.000000000000000000e-01 5.000000000000000000e-01 5.000000000000000000e-01 5.000000000000000000e-01 5.000000000000000000e-01 5.000000000000000000e-01 5.000000000000000000e-01 5.000000000000000000e-01 5.000000000000000000e-01 5.000000000000000000e-01 5.000000000000000000e-01 5.000000000000000000e-01 5.000000000000000000e-01 5.000000000000000000e-01 5.000000000000000000e-01 5.000000000000000000e-01 5.000000000000000000e-01 5.000000000000000000e-01 5.000000000000000000e-01 5.000000000000000000e-01 5.000000000000000000e-01 5.000000000000000000e-01 5.000000000000000000e-01 5.000000000000000000e-01 5.000000000000000000e-01 5.000000000000000000e-01 5.000000000000000000e-01 5.000000000000000000e-01 5.000000000000000000e-01 5.000000000000000000e-01 5.000000000000000000e-01 5.000000000000000000e-01 5.000000000000000000e-01 5.000000000000000000e-01 5.000000000000000000e-01 5.000000000000000000e-01 5.000000000000000000e-01 5.000000000000000000e-01 5.000000000000000000e-01 5.000000000000000000e-01 5.000000000000000000e-01 5.000000000000000000e-01 5.000000000000000000e-01 5.000000000000000000e-01 5.000000000000000000e-01 5.000000000000000000e-01 5.000000000000000000e-01 5.000000000000000000e-01 5.000000000000000000e-01
9.906510114669799805e-01 1.160674691200256348e-01 5.553339719772338867e-01 5.000000000000000000e-01 5.000000000000000000e-01 5.000000000000000000e-01 5.000000000000000000e-01 5.000000000000000000e-01 5.000000000000000000e-01 5.000000000000000000e-01 5.000000000000000000e-01 5.000000000000000000e-01 5.000000000000000000e-01 5.000000000000000000e-01 5.000000000000000000e-01 5.000000000000000000e-01 5.000000000000000000e-01 5.000000000000000000e-01 5.000000000000000000e-01 5.000000000000000000e-01 5.000000000000000000e-01 5.000000000000000000e-01 5.000000000000000000e-01 5.000000000000000000e-01 5.000000000000000000e-01 5.000000000000000000e-01 5.000000000000000000e-01 5.000000000000000000e-01 5.000000000000000000e-01 5.000000000000000000e-01 5.000000000000000000e-01 5.000000000000000000e-01 5.000000000000000000e-01 5.000000000000000000e-01 5.000000000000000000e-01 5.000000000000000000e-01 5.000000000000000000e-01 5.000000000000000000e-01 5.000000000000000000e-01 5.000000000000000000e-01 5.000000000000000000e-01 5.000000000000000000e-01 5.000000000000000000e-01 5.000000000000000000e-01 5.000000000000000000e-01 5.000000000000000000e-01 5.000000000000000000e-01 5.000000000000000000e-01 5.000000000000000000e-01 5.000000000000000000e-01 5.000000000000000000e-01 5.000000000000000000e-01
1.503075659275054932e-01 9.766374826431274414e-01 1.198735926300287247e-02 5.000000000000000000e-01 5.000000000000000000e-01 5.000000000000000000e-01 5.000000000000000000e-01 5.000000000000000000e-01 5.000000000000000000e-01 5.000000000000000000e-01 5.000000000000000000e-01 5.000000000000000000e-01 5.000000000000000000e-01 5.000000000000000000e-01 5.000000000000000000e-01 5.000000000000000000e-01 5.000000000000000000e-01 5.000000000000000000e-01 5.000000000000000000e-01 5.000000000000000000e-01 5.000000000000000000e-01 5.000000000000000000e-01 5.000000000000000000e-01 5.000000000000000000e-01 5.000000000000000000e-01 5.000000000000000000e-01 5.000000000000000000e-01 5.000000000000000000e-01 5.000000000000000000e-01 5.000000000000000000e-01 5.000000000000000000e-01 5.000000000000000000e-01 5.000000000000000000e-01 5.000000000000000000e-01 5.000000000000000000e-01 5.000000000000000000e-01 5.000000000000000000e-01 5.000000000000000000e-01 5.000000000000000000e-01 5.000000000000000000e-01 5.000000000000000000e-01 5.000000000000000000e-01 5.000000000000000000e-01 5.000000000000000000e-01 5.000000000000000000e-01 5.000000000000000000e-01 5.000000000000000000e-01 5.000000000000000000e-01 5.000000000000000000e-01 5.000000000000000000e-01 5.000000000000000000e-01 5.000000000000000000e-01
2.749947905540466309e-01 7.546867132186889648e-01 6.195048093795776367e-01 5.000000000000000000e-01 5.000000000000000000e-01 5.000000000000000000e-01 5.000000000000000000e-01 5.000000000000000000e-01 5.000000000000000000e-01 5.000000000000000000e-01 5.000000000000000000e-01 5.000000000000000000e-01 5.000000000000000000e-01 5.000000000000000000e-01 5.000000000000000000e-01 5.000000000000000000e-01 5.000000000000000000e-01 5.000000000000000000e-01 5.000000000000000000e-01 5.000000000000000000e-01 5.000000000000000000e-01 5.000000000000000000e-01 5.000000000000000000e-01 5.000000000000000000e-01 5.000000000000000000e-01 5.000000000000000000e-01 5.000000000000000000e-01 5.000000000000000000e-01 5.000000000000000000e-01 5.000000000000000000e-01 5.000000000000000000e-01 5.000000000000000000e-01 5.000000000000000000e-01 5.000000000000000000e-01 5.000000000000000000e-01 5.000000000000000000e-01 5.000000000000000000e-01 5.000000000000000000e-01 5.000000000000000000e-01 5.000000000000000000e-01 5.000000000000000000e-01 5.000000000000000000e-01 5.000000000000000000e-01 5.000000000000000000e-01 5.000000000000000000e-01 5.000000000000000000e-01 5.000000000000000000e-01 5.000000000000000000e-01 5.000000000000000000e-01 5.000000000000000000e-01 5.000000000000000000e-01 5.000000000000000000e-01
4.154717028141021729e-01 6.184143424034118652e-01 3.835617750883102417e-02 5.000000000000000000e-01 5.000000000000000000e-01 5.000000000000000000e-01 5.000000000000000000e-01 5.000000000000000000e-01 5.000000000000000000e-01 5.000000000000000000e-01 5.000000000000000000e-01 5.000000000000000000e-01 5.000000000000000000e-01 5.000000000000000000e-01 5.000000000000000000e-01 5.000000000000000000e-01 5.000000000000000000e-01 5.000000000000000000e-01 5.000000000000000000e-01 5.000000000000000000e-01 5.000000000000000000e-01 5.000000000000000000e-01 5.000000000000000000e-01 5.000000000000000000e-01 5.000000000000000000e-01 5.000000000000000000e-01 5.000000000000000000e-01 5.000000000000000000e-01 5.000000000000000000e-01 5.000000000000000000e-01 5.000000000000000000e-01 5.000000000000000000e-01 5.000000000000000000e-01 5.000000000000000000e-01 5.000000000000000000e-01 5.000000000000000000e-01 5.000000000000000000e-01 5.000000000000000000e-01 5.000000000000000000e-01 5.000000000000000000e-01 5.000000000000000000e-01 5.000000000000000000e-01 5.000000000000000000e-01 5.000000000000000000e-01 5.000000000000000000e-01 5.000000000000000000e-01 5.000000000000000000e-01 5.000000000000000000e-01 5.000000000000000000e-01 5.000000000000000000e-01 5.000000000000000000e-01 5.000000000000000000e-01
7.272823452949523926e-01 6.780672073364257812e-01 5.084915161132812500e-01 5.000000000000000000e-01 5.000000000000000000e-01 5.000000000000000000e-01 5.000000000000000000e-01 5.000000000000000000e-01 5.000000000000000000e-01 5.000000000000000000e-01 5.000000000000000000e-01 5.000000000000000000e-01 5.000000000000000000e-01 5.000000000000000000e-01 5.000000000000000000e-01 5.000000000000000000e-01 5.000000000000000000e-01 5.000000000000000000e-01 5.000000000000000000e-01 5.000000000000000000e-01 5.000000000000000000e-01 5.000000000000000000e-01 5.000000000000000000e-01 5.000000000000000000e-01 5.000000000000000000e-01 5.000000000000000000e-01 5.000000000000000000e-01 5.000000000000000000e-01 5.000000000000000000e-01 5.000000000000000000e-01 5.000000000000000000e-01 5.000000000000000000e-01 5.000000000000000000e-01 5.000000000000000000e-01 5.000000000000000000e-01 5.000000000000000000e-01 5.000000000000000000e-01 5.000000000000000000e-01 5.000000000000000000e-01 5.000000000000000000e-01 5.000000000000000000e-01 5.000000000000000000e-01 5.000000000000000000e-01 5.000000000000000000e-01 5.000000000000000000e-01 5.000000000000000000e-01 5.000000000000000000e-01 5.000000000000000000e-01 5.000000000000000000e-01 5.000000000000000000e-01 5.000000000000000000e-01 5.000000000000000000e-01
7.905751466751098633e-01 6.483376622200012207e-01 2.138611376285552979e-01 5.000000000000000000e-01 5.000000000000000000e-01 5.000000000000000000e-01 5.000000000000000000e-01 5.000000000000000000e-01 5.000000000000000000e-01 5.000000000000000000e-01 5.000000000000000000e-01 5.000000000000000000e-01 5.000000000000000000e-01 5.000000000000000000e-01 5.000000000000000000e-01 5.000000000000000000e-01 5.000000000000000000e-01 5.000000000000000000e-01 5.000000000000000000e-01 5.000000000000000000e-01 5.000000000000000000e-01 5.000000000000000000e-01 5.000000000000000000e-01 5.000000000000000000e-01 5.000000000000000000e-01 5.000000000000000000e-01 5.000000000000000000e-01 5.000000000000000000e-01 5.000000000000000000e-01 5.000000000000000000e-01 5.000000000000000000e-01 5.000000000000000000e-01 5.000000000000000000e-01 5.000000000000000000e-01 5.000000000000000000e-01 5.000000000000000000e-01 5.000000000000000000e-01 5.000000000000000000e-01 5.000000000000000000e-01 5.000000000000000000e-01 5.000000000000000000e-01 5.000000000000000000e-01 5.000000000000000000e-01 5.000000000000000000e-01 5.000000000000000000e-01 5.000000000000000000e-01 5.000000000000000000e-01 5.000000000000000000e-01 5.000000000000000000e-01 5.000000000000000000e-01 5.000000000000000000e-01 5.000000000000000000e-01
5.069643855094909668e-01 7.403925657272338867e-01 9.324197769165039062e-01 5.000000000000000000e-01 5.000000000000000000e-01 5.000000000000000000e-01 5.000000000000000000e-01 5.000000000000000000e-01 5.000000000000000000e-01 5.000000000000000000e-01 5.000000000000000000e-01 5.000000000000000000e-01 5.000000000000000000e-01 5.000000000000000000e-01 5.000000000000000000e-01 5.000000000000000000e-01 5.000000000000000000e-01 5.000000000000000000e-01 5.000000000000000000e-01 5.000000000000000000e-01 5.000000000000000000e-01 5.000000000000000000e-01 5.000000000000000000e-01 5.000000000000000000e-01 5.000000000000000000e-01 5.000000000000000000e-01 5.000000000000000000e-01 5.000000000000000000e-01 5.000000000000000000e-01 5.000000000000000000e-01 5.000000000000000000e-01 5.000000000000000000e-01 5.000000000000000000e-01 5.000000000000000000e-01 5.000000000000000000e-01 5.000000000000000000e-01 5.000000000000000000e-01 5.000000000000000000e-01 5.000000000000000000e-01 5.000000000000000000e-01 5.000000000000000000e-01 5.000000000000000000e-01 5.000000000000000000e-01 5.000000000000000000e-01 5.000000000000000000e-01 5.000000000000000000e-01 5.000000000000000000e-01 5.000000000000000000e-01 5.000000000000000000e-01 5.000000000000000000e-01 5.000000000000000000e-01 5.000000000000000000e-01
4.935536682605743408e-01 3.980623483657836914e-01 2.744370102882385254e-01 5.000000000000000000e-01 5.000000000000000000e-01 5.000000000000000000e-01 5.000000000000000000e-01 5.000000000000000000e-01 5.000000000000000000e-01 5.000000000000000000e-01 5.000000000000000000e-01 5.000000000000000000e-01 5.000000000000000000e-01 5.000000000000000000e-01 5.000000000000000000e-01 5.000000000000000000e-01 5.000000000000000000e-01 5.000000000000000000e-01 5.000000000000000000e-01 5.000000000000000000e-01 5.000000000000000000e-01 5.000000000000000000e-01 5.000000000000000000e-01 5.000000000000000000e-01 5.000000000000000000e-01 5.000000000000000000e-01 5.000000000000000000e-01 5.000000000000000000e-01 5.000000000000000000e-01 5.000000000000000000e-01 5.000000000000000000e-01 5.000000000000000000e-01 5.000000000000000000e-01 5.000000000000000000e-01 5.000000000000000000e-01 5.000000000000000000e-01 5.000000000000000000e-01 5.000000000000000000e-01 5.000000000000000000e-01 5.000000000000000000e-01 5.000000000000000000e-01 5.000000000000000000e-01 5.000000000000000000e-01 5.000000000000000000e-01 5.000000000000000000e-01 5.000000000000000000e-01 5.000000000000000000e-01 5.000000000000000000e-01 5.000000000000000000e-01 5.000000000000000000e-01 5.000000000000000000e-01 5.000000000000000000e-01
5.406701564788818359e-01 7.723668813705444336e-01 3.215197324752807617e-01 5.000000000000000000e-01 5.000000000000000000e-01 5.000000000000000000e-01 5.000000000000000000e-01 5.000000000000000000e-01 5.000000000000000000e-01 5.000000000000000000e-01 5.000000000000000000e-01 5.000000000000000000e-01 5.000000000000000000e-01 5.000000000000000000e-01 5.000000000000000000e-01 5.000000000000000000e-01 5.000000000000000000e-01 5.000000000000000000e-01 5.000000000000000000e-01 5.000000000000000000e-01 5.000000000000000000e-01 5.000000000000000000e-01 5.000000000000000000e-01 5.000000000000000000e-01 5.000000000000000000e-01 5.000000000000000000e-01 5.000000000000000000e-01 5.000000000000000000e-01 5.000000000000000000e-01 5.000000000000000000e-01 5.000000000000000000e-01 5.000000000000000000e-01 5.000000000000000000e-01 5.000000000000000000e-01 5.000000000000000000e-01 5.000000000000000000e-01 5.000000000000000000e-01 5.000000000000000000e-01 5.000000000000000000e-01 5.000000000000000000e-01 5.000000000000000000e-01 5.000000000000000000e-01 5.000000000000000000e-01 5.000000000000000000e-01 5.000000000000000000e-01 5.000000000000000000e-01 5.000000000000000000e-01 5.000000000000000000e-01 5.000000000000000000e-01 5.000000000000000000e-01 5.000000000000000000e-01 5.000000000000000000e-01
8.031753897666931152e-01 8.177669048309326172e-01 7.432083487510681152e-01 5.000000000000000000e-01 5.000000000000000000e-01 5.000000000000000000e-01 5.000000000000000000e-01 5.000000000000000000e-01 5.000000000000000000e-01 5.000000000000000000e-01 5.000000000000000000e-01 5.000000000000000000e-01 5.000000000000000000e-01 5.000000000000000000e-01 5.000000000000000000e-01 5.000000000000000000e-01 5.000000000000000000e-01 5.000000000000000000e-01 5.000000000000000000e-01 5.000000000000000000e-01 5.000000000000000000e-01 5.000000000000000000e-01 5.000000000000000000e-01 5.000000000000000000e-01 5.000000000000000000e-01 5.000000000000000000e-01 5.000000000000000000e-01 5.000000000000000000e-01 5.000000000000000000e-01 5.000000000000000000e-01 5.000000000000000000e-01 5.000000000000000000e-01 5.000000000000000000e-01 5.000000000000000000e-01 5.000000000000000000e-01 5.000000000000000000e-01 5.000000000000000000e-01 5.000000000000000000e-01 5.000000000000000000e-01 5.000000000000000000e-01 5.000000000000000000e-01 5.000000000000000000e-01 5.000000000000000000e-01 5.000000000000000000e-01 5.000000000000000000e-01 5.000000000000000000e-01 5.000000000000000000e-01 5.000000000000000000e-01 5.000000000000000000e-01 5.000000000000000000e-01 5.000000000000000000e-01 5.000000000000000000e-01
1.955259740352630615e-01 3.671539127826690674e-01 5.993914604187011719e-01 5.000000000000000000e-01 5.000000000000000000e-01 5.000000000000000000e-01 5.000000000000000000e-01 5.000000000000000000e-01 5.000000000000000000e-01 5.000000000000000000e-01 5.000000000000000000e-01 5.000000000000000000e-01 5.000000000000000000e-01 5.000000000000000000e-01 5.000000000000000000e-01 5.000000000000000000e-01 5.000000000000000000e-01 5.000000000000000000e-01 5.000000000000000000e-01 5.000000000000000000e-01 5.000000000000000000e-01 5.000000000000000000e-01 5.000000000000000000e-01 5.000000000000000000e-01 5.000000000000000000e-01 5.000000000000000000e-01 5.000000000000000000e-01 5.000000000000000000e-01 5.000000000000000000e-01 5.000000000000000000e-01 5.000000000000000000e-01 5.000000000000000000e-01 5.000000000000000000e-01 5.000000000000000000e-01 5.000000000000000000e-01 5.000000000000000000e-01 5.000000000000000000e-01 5.000000000000000000e-01 5.000000000000000000e-01 5.000000000000000000e-01 5.000000000000000000e-01 5.000000000000000000e-01 5.000000000000000000e-01 5.000000000000000000e-01 5.000000000000000000e-01 5.000000000000000000e-01 5.000000000000000000e-01 5.000000000000000000e-01 5.000000000000000000e-01 5.000000000000000000e-01 5.000000000000000000e-01 5.000000000000000000e-01
9.449241757392883301e-01 5.550268888473510742e-01 4.138527512550354004e-01 5.000000000000000000e-01 5.000000000000000000e-01 5.000000000000000000e-01 5.000000000000000000e-01 5.000000000000000000e-01 5.000000000000000000e-01 5.000000000000000000e-01 5.000000000000000000e-01 5.000000000000000000e-01 5.000000000000000000e-01 5.000000000000000000e-01 5.000000000000000000e-01 5.000000000000000000e-01 5.000000000000000000e-01 5.000000000000000000e-01 5.000000000000000000e-01 5.000000000000000000e-01 5.000000000000000000e-01 5.000000000000000000e-01 5.000000000000000000e-01 5.000000000000000000e-01 5.000000000000000000e-01 5.000000000000000000e-01 5.000000000000000000e-01 5.000000000000000000e-01 5.000000000000000000e-01 5.000000000000000000e-01 5.000000000000000000e-01 5.000000000000000000e-01 5.000000000000000000e-01 5.000000000000000000e-01 5.000000000000000000e-01 5.000000000000000000e-01 5.000000000000000000e-01 5.000000000000000000e-01 5.000000000000000000e-01 5.000000000000000000e-01 5.000000000000000000e-01 5.000000000000000000e-01 5.000000000000000000e-01 5.000000000000000000e-01 5.000000000000000000e-01 5.000000000000000000e-01 5.000000000000000000e-01 5.000000000000000000e-01 5.000000000000000000e-01 5.000000000000000000e-01 5.000000000000000000e-01 5.000000000000000000e-01
5.696848034858703613e-01 3.032997548580169678e-01 1.195629313588142395e-01 5.000000000000000000e-01 5.000000000000000000e-01 5.000000000000000000e-01 5.000000000000000000e-01 5.000000000000000000e-01 5.000000000000000000e-01 5.000000000000000000e-01 5.000000000000000000e-01 5.000000000000000000e-01 5.000000000000000000e-01 5.000000000000000000e-01 5.000000000000000000e-01 5.000000000000000000e-01 5.000000000000000000e-01 5.000000000000000000e-01 5.000000000000000000e-01 5.000000000000000000e-01 5.000000000000000000e-01 5.000000000000000000e-01 5.000000000000000000e-01 5.000000000000000000e-01 5.000000000000000000e-01 5.000000000000000000e-01 5.000000000000000000e-01 5.000000000000000000e-01 5.000000000000000000e-01 5.000000000000000000e-01 5.000000000000000000e-01 5.000000000000000000e-01 5.000000000000000000e-01 5.000000000000000000e-01 5.000000000000000000e-01 5.000000000000000000e-01 5.000000000000000000e-01 5.000000000000000000e-01 5.000000000000000000e-01 5.000000000000000000e-01 5.000000000000000000e-01 5.000000000000000000e-01 5.000000000000000000e-01 5.000000000000000000e-01 5.000000000000000000e-01 5.000000000000000000e-01 5.000000000000000000e-01 5.000000000000000000e-01 5.000000000000000000e-01 5.000000000000000000e-01 5.000000000000000000e-01 5.000000000000000000e-01
8.362198472023010254e-01 2.252292633056640625e-01 2.141407132148742676e-02 5.000000000000000000e-01 5.000000000000000000e-01 5.000000000000000000e-01 5.000000000000000000e-01 5.000000000000000000e-01 5.000000000000000000e-01 5.000000000000000000e-01 5.000000000000000000e-01 5.000000000000000000e-01 5.000000000000000000e-01 5.000000000000000000e-01 5.000000000000000000e-01 5.000000000000000000e-01 5.000000000000000000e-01 5.000000000000000000e-01 5.000000000000000000e-01 5.000000000000000000e-01 5.000000000000000000e-01 5.000000000000000000e-01 5.000000000000000000e-01 5.000000000000000000e-01 5.000000000000000000e-01 5.000000000000000000e-01 5.000000000000000000e-01 5.000000000000000000e-01 5.000000000000000000e-01 5.000000000000000000e-01 5.000000000000000000e-01 5.000000000000000000e-01 5.000000000000000000e-01 5.000000000000000000e-01 5.000000000000000000e-01 5.000000000000000000e-01 5.000000000000000000e-01 5.000000000000000000e-01 5.000000000000000000e-01 5.000000000000000000e-01 5.000000000000000000e-01 5.000000000000000000e-01 5.000000000000000000e-01 5.000000000000000000e-01 5.000000000000000000e-01 5.000000000000000000e-01 5.000000000000000000e-01 5.000000000000000000e-01 5.000000000000000000e-01 5.000000000000000000e-01 5.000000000000000000e-01 5.000000000000000000e-01
9.707356095314025879e-01 3.683307394385337830e-02 3.516666889190673828e-01 5.000000000000000000e-01 5.000000000000000000e-01 5.000000000000000000e-01 5.000000000000000000e-01 5.000000000000000000e-01 5.000000000000000000e-01 5.000000000000000000e-01 5.000000000000000000e-01 5.000000000000000000e-01 5.000000000000000000e-01 5.000000000000000000e-01 5.000000000000000000e-01 5.000000000000000000e-01 5.000000000000000000e-01 5.000000000000000000e-01 5.000000000000000000e-01 5.000000000000000000e-01 5.000000000000000000e-01 5.000000000000000000e-01 5.000000000000000000e-01 5.000000000000000000e-01 5.000000000000000000e-01 5.000000000000000000e-01 5.000000000000000000e-01 5.000000000000000000e-01 5.000000000000000000e-01 5.000000000000000000e-01 5.000000000000000000e-01 5.000000000000000000e-01 5.000000000000000000e-01 5.000000000000000000e-01 5.000000000000000000e-01 5.000000000000000000e-01 5.000000000000000000e-01 5.000000000000000000e-01 5.000000000000000000e-01 5.000000000000000000e-01 5.000000000000000000e-01 5.000000000000000000e-01 5.000000000000000000e-01 5.000000000000000000e-01 5.000000000000000000e-01 5.000000000000000000e-01 5.000000000000000000e-01 5.000000000000000000e-01 5.000000000000000000e-01 5.000000000000000000e-01 5.000000000000000000e-01 5.000000000000000000e-01
6.644039750099182129e-01 4.304432868957519531e-01 2.586356699466705322e-01 5.000000000000000000e-01 5.000000000000000000e-01 5.000000000000000000e-01 5.000000000000000000e-01 5.000000000000000000e-01 5.000000000000000000e-01 5.000000000000000000e-01 5.000000000000000000e-01 5.000000000000000000e-01 5.000000000000000000e-01 5.000000000000000000e-01 5.000000000000000000e-01 5.000000000000000000e-01 5.000000000000000000e-01 5.000000000000000000e-01 5.000000000000000000e-01 5.000000000000000000e-01 5.000000000000000000e-01 5.000000000000000000e-01 5.000000000000000000e-01 5.000000000000000000e-01 5.000000000000000000e-01 5.000000000000000000e-01 5.000000000000000000e-01 5.000000000000000000e-01 5.000000000000000000e-01 5.000000000000000000e-01 5.000000000000000000e-01 5.000000000000000000e-01 5.000000000000000000e-01 5.000000000000000000e-01 5.000000000000000000e-01 5.000000000000000000e-01 5.000000000000000000e-01 5.000000000000000000e-01 5.000000000000000000e-01 5.000000000000000000e-01 5.000000000000000000e-01 5.000000000000000000e-01 5.000000000000000000e-01 5.000000000000000000e-01 5.000000000000000000e-01 5.000000000000000000e-01 5.000000000000000000e-01 5.000000000000000000e-01 5.000000000000000000e-01 5.000000000000000000e-01 5.000000000000000000e-01 5.000000000000000000e-01
2.411849945783615112e-01 2.720239758491516113e-01 2.880952060222625732e-01 5.000000000000000000e-01 5.000000000000000000e-01 5.000000000000000000e-01 5.000000000000000000e-01 5.000000000000000000e-01 5.000000000000000000e-01 5.000000000000000000e-01 5.000000000000000000e-01 5.000000000000000000e-01 5.000000000000000000e-01 5.000000000000000000e-01 5.000000000000000000e-01 5.000000000000000000e-01 5.000000000000000000e-01 5.000000000000000000e-01 5.000000000000000000e-01 5.000000000000000000e-01 5.000000000000000000e-01 5.000000000000000000e-01 5.000000000000000000e-01 5.000000000000000000e-01 5.000000000000000000e-01 5.000000000000000000e-01 5.000000000000000000e-01 5.000000000000000000e-01 5.000000000000000000e-01 5.000000000000000000e-01 5.000000000000000000e-01 5.000000000000000000e-01 5.000000000000000000e-01 5.000000000000000000e-01 5.000000000000000000e-01 5.000000000000000000e-01 5.000000000000000000e-01 5.000000000000000000e-01 5.000000000000000000e-01 5.000000000000000000e-01 5.000000000000000000e-01 5.000000000000000000e-01 5.000000000000000000e-01 5.000000000000000000e-01 5.000000000000000000e-01 5.000000000000000000e-01 5.000000000000000000e-01 5.000000000000000000e-01 5.000000000000000000e-01 5.000000000000000000e-01 5.000000000000000000e-01 5.000000000000000000e-01
4.273944795131683350e-01 3.346375524997711182e-01 8.826584815979003906e-01 5.000000000000000000e-01 5.000000000000000000e-01 5.000000000000000000e-01 5.000000000000000000e-01 5.000000000000000000e-01 5.000000000000000000e-01 5.000000000000000000e-01 5.000000000000000000e-01 5.000000000000000000e-01 5.000000000000000000e-01 5.000000000000000000e-01 5.000000000000000000e-01 5.000000000000000000e-01 5.000000000000000000e-01 5.000000000000000000e-01 5.000000000000000000e-01 5.000000000000000000e-01 5.000000000000000000e-01 5.000000000000000000e-01 5.000000000000000000e-01 5.000000000000000000e-01 5.000000000000000000e-01 5.000000000000000000e-01 5.000000000000000000e-01 5.000000000000000000e-01 5.000000000000000000e-01 5.000000000000000000e-01 5.000000000000000000e-01 5.000000000000000000e-01 5.000000000000000000e-01 5.000000000000000000e-01 5.000000000000000000e-01 5.000000000000000000e-01 5.000000000000000000e-01 5.000000000000000000e-01 5.000000000000000000e-01 5.000000000000000000e-01 5.000000000000000000e-01 5.000000000000000000e-01 5.000000000000000000e-01 5.000000000000000000e-01 5.000000000000000000e-01 5.000000000000000000e-01 5.000000000000000000e-01 5.000000000000000000e-01 5.000000000000000000e-01 5.000000000000000000e-01 5.000000000000000000e-01 5.000000000000000000e-01
1.188145279884338379e-01 3.198331892490386963e-01 4.461781978607177734e-01 5.000000000000000000e-01 5.000000000000000000e-01 5.000000000000000000e-01 5.000000000000000000e-01 5.000000000000000000e-01 5.000000000000000000e-01 5.000000000000000000e-01 5.000000000000000000e-01 5.000000000000000000e-01 5.000000000000000000e-01 5.000000000000000000e-01 5.000000000000000000e-01 5.000000000000000000e-01 5.000000000000000000e-01 5.000000000000000000e-01 5.000000000000000000e-01 5.000000000000000000e-01 5.000000000000000000e-01 5.000000000000000000e-01 5.000000000000000000e-01 5.000000000000000000e-01 5.000000000000000000e-01 5.000000000000000000e-01 5.000000000000000000e-01 5.000000000000000000e-01 5.000000000000000000e-01 5.000000000000000000e-01 5.000000000000000000e-01 5.000000000000000000e-01 5.000000000000000000e-01 5.000000000000000000e-01 5.000000000000000000e-01 5.000000000000000000e-01 5.000000000000000000e-01 5.000000000000000000e-01 5.000000000000000000e-01 5.000000000000000000e-01 5.000000000000000000e-01 5.000000000000000000e-01 5.000000000000000000e-01 5.000000000000000000e-01 5.000000000000000000e-01 5.000000000000000000e-01 5.000000000000000000e-01 5.000000000000000000e-01 5.000000000000000000e-01 5.000000000000000000e-01 5.000000000000000000e-01 5.000000000000000000e-01
5.563910007476806641e-01 1.001017913222312927e-01 9.548867940902709961e-01 5.000000000000000000e-01 5.000000000000000000e-01 5.000000000000000000e-01 5.000000000000000000e-01 5.000000000000000000e-01 5.000000000000000000e-01 5.000000000000000000e-01 5.000000000000000000e-01 5.000000000000000000e-01 5.000000000000000000e-01 5.000000000000000000e-01 5.000000000000000000e-01 5.000000000000000000e-01 5.000000000000000000e-01 5.000000000000000000e-01 5.000000000000000000e-01 5.000000000000000000e-01 5.000000000000000000e-01 5.000000000000000000e-01 5.000000000000000000e-01 5.000000000000000000e-01 5.000000000000000000e-01 5.000000000000000000e-01 5.000000000000000000e-01 5.000000000000000000e-01 5.000000000000000000e-01 5.000000000000000000e-01 5.000000000000000000e-01 5.000000000000000000e-01 5.000000000000000000e-01 5.000000000000000000e-01 5.000000000000000000e-01 5.000000000000000000e-01 5.000000000000000000e-01 5.000000000000000000e-01 5.000000000000000000e-01 5.000000000000000000e-01 5.000000000000000000e-01 5.000000000000000000e-01 5.000000000000000000e-01 5.000000000000000000e-01 5.000000000000000000e-01 5.000000000000000000e-01 5.000000000000000000e-01 5.000000000000000000e-01 5.000000000000000000e-01 5.000000000000000000e-01 5.000000000000000000e-01 5.000000000000000000e-01
1.645293980836868286e-01 5.341703817248344421e-02 5.249941349029541016e-01 5.000000000000000000e-01 5.000000000000000000e-01 5.000000000000000000e-01 5.000000000000000000e-01 5.000000000000000000e-01 5.000000000000000000e-01 5.000000000000000000e-01 5.000000000000000000e-01 5.000000000000000000e-01 5.000000000000000000e-01 5.000000000000000000e-01 5.000000000000000000e-01 5.000000000000000000e-01 5.000000000000000000e-01 5.000000000000000000e-01 5.000000000000000000e-01 5.000000000000000000e-01 5.000000000000000000e-01 5.000000000000000000e-01 5.000000000000000000e-01 5.000000000000000000e-01 5.000000000000000000e-01 5.000000000000000000e-01 5.000000000000000000e-01 5.000000000000000000e-01 5.000000000000000000e-01 5.000000000000000000e-01 5.000000000000000000e-01 5.000000000000000000e-01 5.000000000000000000e-01 5.000000000000000000e-01 5.000000000000000000e-01 5.000000000000000000e-01 5.000000000000000000e-01 5.000000000000000000e-01 5.000000000000000000e-01 5.000000000000000000e-01 5.000000000000000000e-01 5.000000000000000000e-01 5.000000000000000000e-01 5.000000000000000000e-01 5.000000000000000000e-01 5.000000000000000000e-01 5.000000000000000000e-01 5.000000000000000000e-01 5.000000000000000000e-01 5.000000000000000000e-01 5.000000000000000000e-01 5.000000000000000000e-01
2.120421528816223145e-01 8.362905383110046387e-01 4.930070638656616211e-01 5.000000000000000000e-01 5.000000000000000000e-01 5.000000000000000000e-01 5.000000000000000000e-01 5.000000000000000000e-01 5.000000000000000000e-01 5.000000000000000000e-01 5.000000000000000000e-01 5.000000000000000000e-01 5.000000000000000000e-01 5.000000000000000000e-01 5.000000000000000000e-01 5.000000000000000000e-01 5.000000000000000000e-01 5.000000000000000000e-01 5.000000000000000000e-01 5.000000000000000000e-01 5.000000000000000000e-01 5.000000000000000000e-01 5.000000000000000000e-01 5.000000000000000000e-01 5.000000000000000000e-01 5.000000000000000000e-01 5.000000000000000000e-01 5.000000000000000000e-01 5.000000000000000000e-01 5.000000000000000000e-01 5.000000000000000000e-01 5.000000000000000000e-01 5.000000000000000000e-01 5.000000000000000000e-01 5.000000000000000000e-01 5.000000000000000000e-01 5.000000000000000000e-01 5.000000000000000000e-01 5.000000000000000000e-01 5.000000000000000000e-01 5.000000000000000000e-01 5.000000000000000000e-01 5.000000000000000000e-01 5.000000000000000000e-01 5.000000000000000000e-01 5.000000000000000000e-01 5.000000000000000000e-01 5.000000000000000000e-01 5.000000000000000000e-01 5.000000000000000000e-01 5.000000000000000000e-01 5.000000000000000000e-01
7.565798163414001465e-01 3.514553606510162354e-01 5.537748336791992188e-02 5.000000000000000000e-01 5.000000000000000000e-01 5.000000000000000000e-01 5.000000000000000000e-01 5.000000000000000000e-01 5.000000000000000000e-01 5.000000000000000000e-01 5.000000000000000000e-01 5.000000000000000000e-01 5.000000000000000000e-01 5.000000000000000000e-01 5.000000000000000000e-01 5.000000000000000000e-01 5.000000000000000000e-01 5.000000000000000000e-01 5.000000000000000000e-01 5.000000000000000000e-01 5.000000000000000000e-01 5.000000000000000000e-01 5.000000000000000000e-01 5.000000000000000000e-01 5.000000000000000000e-01 5.000000000000000000e-01 5.000000000000000000e-01 5.000000000000000000e-01 5.000000000000000000e-01 5.000000000000000000e-01 5.000000000000000000e-01 5.000000000000000000e-01 5.000000000000000000e-01 5.000000000000000000e-01 5.000000000000000000e-01 5.000000000000000000e-01 5.000000000000000000e-01 5.000000000000000000e-01 5.000000000000000000e-01 5.000000000000000000e-01 5.000000000000000000e-01 5.000000000000000000e-01 5.000000000000000000e-01 5.000000000000000000e-01 5.000000000000000000e-01 5.000000000000000000e-01 5.000000000000000000e-01 5.000000000000000000e-01 5.000000000000000000e-01 5.000000000000000000e-01 5.000000000000000000e-01 5.000000000000000000e-01
3.491794764995574951e-01 8.833023905754089355e-01 7.884572744369506836e-01 5.000000000000000000e-01 5.000000000000000000e-01 5.000000000000000000e-01 5.000000000000000000e-01 5.000000000000000000e-01 5.000000000000000000e-01 5.000000000000000000e-01 5.000000000000000000e-01 5.000000000000000000e-01 5.000000000000000000e-01 5.000000000000000000e-01 5.000000000000000000e-01 5.000000000000000000e-01 5.000000000000000000e-01 5.000000000000000000e-01 5.000000000000000000e-01 5.000000000000000000e-01 5.000000000000000000e-01 5.000000000000000000e-01 5.000000000000000000e-01 5.000000000000000000e-01 5.000000000000000000e-01 5.000000000000000000e-01 5.000000000000000000e-01 5.000000000000000000e-01 5.000000000000000000e-01 5.000000000000000000e-01 5.000000000000000000e-01 5.000000000000000000e-01 5.000000000000000000e-01 5.000000000000000000e-01 5.000000000000000000e-01 5.000000000000000000e-01 5.000000000000000000e-01 5.000000000000000000e-01 5.000000000000000000e-01 5.000000000000000000e-01 5.000000000000000000e-01 5.000000000000000000e-01 5.000000000000000000e-01 5.000000000000000000e-01 5.000000000000000000e-01 5.000000000000000000e-01 5.000000000000000000e-01 5.000000000000000000e-01 5.000000000000000000e-01 5.000000000000000000e-01 5.000000000000000000e-01 5.000000000000000000e-01
5.460577458143234253e-02 4.597679674625396729e-01 3.982118368148803711e-01 5.000000000000000000e-01 5.000000000000000000e-01 5.000000000000000000e-01 5.000000000000000000e-01 5.000000000000000000e-01 5.000000000000000000e-01 5.000000000000000000e-01 5.000000000000000000e-01 5.000000000000000000e-01 5.000000000000000000e-01 5.000000000000000000e-01 5.000000000000000000e-01 5.000000000000000000e-01 5.000000000000000000e-01 5.000000000000000000e-01 5.000000000000000000e-01 5.000000000000000000e-01 5.000000000000000000e-01 5.000000000000000000e-01 5.000000000000000000e-01 5.000000000000000000e-01 5.000000000000000000e-01 5.000000000000000000e-01 5.000000000000000000e-01 5.000000000000000000e-01 5.000000000000000000e-01 5.000000000000000000e-01 5.000000000000000000e-01 5.000000000000000000e-01 5.000000000000000000e-01 5.000000000000000000e-01 5.000000000000000000e-01 5.000000000000000000e-01 5.000000000000000000e-01 5.000000000000000000e-01 5.000000000000000000e-01 5.000000000000000000e-01 5.000000000000000000e-01 5.000000000000000000e-01 5.000000000000000000e-01 5.000000000000000000e-01 5.000000000000000000e-01 5.000000000000000000e-01 5.000000000000000000e-01 5.000000000000000000e-01 5.000000000000000000e-01 5.000000000000000000e-01 5.000000000000000000e-01 5.000000000000000000e-01
6.958762556314468384e-02 6.616114974021911621e-01 7.733512520790100098e-01 5.000000000000000000e-01 5.000000000000000000e-01 5.000000000000000000e-01 5.000000000000000000e-01 5.000000000000000000e-01 5.000000000000000000e-01 5.000000000000000000e-01 5.000000000000000000e-01 5.000000000000000000e-01 5.000000000000000000e-01 5.000000000000000000e-01 5.000000000000000000e-01 5.000000000000000000e-01 5.000000000000000000e-01 5.000000000000000000e-01 5.000000000000000000e-01 5.000000000000000000e-01 5.000000000000000000e-01 5.000000000000000000e-01 5.000000000000000000e-01 5.000000000000000000e-01 5.000000000000000000e-01 5.000000000000000000e-01 5.000000000000000000e-01 5.000000000000000000e-01 5.000000000000000000e-01 5.000000000000000000e-01 5.000000000000000000e-01 5.000000000000000000e-01 5.000000000000000000e-01 5.000000000000000000e-01 5.000000000000000000e-01 5.000000000000000000e-01 5.000000000000000000e-01 5.000000000000000000e-01 5.000000000000000000e-01 5.000000000000000000e-01 5.000000000000000000e-01 5.000000000000000000e-01 5.000000000000000000e-01 5.000000000000000000e-01 5.000000000000000000e-01 5.000000000000000000e-01 5.000000000000000000e-01 5.000000000000000000e-01 5.000000000000000000e-01 5.000000000000000000e-01 5.000000000000000000e-01 5.000000000000000000e-01
3.373425006866455078e-01 8.569444715976715088e-02 1.929932981729507446e-01 5.000000000000000000e-01 5.000000000000000000e-01 5.000000000000000000e-01 5.000000000000000000e-01 5.000000000000000000e-01 5.000000000000000000e-01 5.000000000000000000e-01 5.000000000000000000e-01 5.000000000000000000e-01 5.000000000000000000e-01 5.000000000000000000e-01 5.000000000000000000e-01 5.000000000000000000e-01 5.000000000000000000e-01 5.000000000000000000e-01 5.000000000000000000e-01 5.000000000000000000e-01 5.000000000000000000e-01 5.000000000000000000e-01 5.000000000000000000e-01 5.000000000000000000e-01 5.000000000000000000e-01 5.000000000000000000e-01 5.000000000000000000e-01 5.000000000000000000e-01 5.000000000000000000e-01 5.000000000000000000e-01 5.000000000000000000e-01 5.000000000000000000e-01 5.000000000000000000e-01 5.000000000000000000e-01 5.000000000000000000e-01 5.000000000000000000e-01 5.000000000000000000e-01 5.000000000000000000e-01 5.000000000000000000e-01 5.000000000000000000e-01 5.000000000000000000e-01 5.000000000000000000e-01 5.000000000000000000e-01 5.000000000000000000e-01 5.000000000000000000e-01 5.000000000000000000e-01 5.000000000000000000e-01 5.000000000000000000e-01 5.000000000000000000e-01 5.000000000000000000e-01 5.000000000000000000e-01 5.000000000000000000e-01
8.164238333702087402e-01 2.893215715885162354e-01 6.505212187767028809e-01 5.000000000000000000e-01 5.000000000000000000e-01 5.000000000000000000e-01 5.000000000000000000e-01 5.000000000000000000e-01 5.000000000000000000e-01 5.000000000000000000e-01 5.000000000000000000e-01 5.000000000000000000e-01 5.000000000000000000e-01 5.000000000000000000e-01 5.000000000000000000e-01 5.000000000000000000e-01 5.000000000000000000e-01 5.000000000000000000e-01 5.000000000000000000e-01 5.000000000000000000e-01 5.000000000000000000e-01 5.000000000000000000e-01 5.000000000000000000e-01 5.000000000000000000e-01 5.000000000000000000e-01 5.000000000000000000e-01 5.000000000000000000e-01 5.000000000000000000e-01 5.000000000000000000e-01 5.000000000000000000e-01 5.000000000000000000e-01 5.000000000000000000e-01 5.000000000000000000e-01 5.000000000000000000e-01 5.000000000000000000e-01 5.000000000000000000e-01 5.000000000000000000e-01 5.000000000000000000e-01 5.000000000000000000e-01 5.000000000000000000e-01 5.000000000000000000e-01 5.000000000000000000e-01 5.000000000000000000e-01 5.000000000000000000e-01 5.000000000000000000e-01 5.000000000000000000e-01 5.000000000000000000e-01 5.000000000000000000e-01 5.000000000000000000e-01 5.000000000000000000e-01 5.000000000000000000e-01 5.000000000000000000e-01
3.688997030258178711e-01 1.313149034976959229e-01 4.275120794773101807e-01 5.000000000000000000e-01 5.000000000000000000e-01 5.000000000000000000e-01 5.000000000000000000e-01 5.000000000000000000e-01 5.000000000000000000e-01 5.000000000000000000e-01 5.000000000000000000e-01 5.000000000000000000e-01 5.000000000000000000e-01 5.000000000000000000e-01 5.000000000000000000e-01 5.000000000000000000e-01 5.000000000000000000e-01 5.000000000000000000e-01 5.000000000000000000e-01 5.000000000000000000e-01 5.000000000000000000e-01 5.000000000000000000e-01 5.000000000000000000e-01 5.000000000000000000e-01 5.000000000000000000e-01 5.000000000000000000e-01 5.000000000000000000e-01 5.000000000000000000e-01 5.000000000000000000e-01 5.000000000000000000e-01 5.000000000000000000e-01 5.000000000000000000e-01 5.000000000000000000e-01 5.000000000000000000e-01 5.000000000000000000e-01 5.000000000000000000e-01 5.000000000000000000e-01 5.000000000000000000e-01 5.000000000000000000e-01 5.000000000000000000e-01 5.000000000000000000e-01 5.000000000000000000e-01 5.000000000000000000e-01 5.000000000000000000e-01 5.000000000000000000e-01 5.000000000000000000e-01 5.000000000000000000e-01 5.000000000000000000e-01 5.000000000000000000e-01 5.000000000000000000e-01 5.000000000000000000e-01 5.000000000000000000e-01
9.604504704475402832e-01 4.466604292392730713e-01 8.192490935325622559e-01 5.000000000000000000e-01 5.000000000000000000e-01 5.000000000000000000e-01 5.000000000000000000e-01 5.000000000000000000e-01 5.000000000000000000e-01 5.000000000000000000e-01 5.000000000000000000e-01 5.000000000000000000e-01 5.000000000000000000e-01 5.000000000000000000e-01 5.000000000000000000e-01 5.000000000000000000e-01 5.000000000000000000e-01 5.000000000000000000e-01 5.000000000000000000e-01 5.000000000000000000e-01 5.000000000000000000e-01 5.000000000000000000e-01 5.000000000000000000e-01 5.000000000000000000e-01 5.000000000000000000e-01 5.000000000000000000e-01 5.000000000000000000e-01 5.000000000000000000e-01 5.000000000000000000e-01 5.000000000000000000e-01 5.000000000000000000e-01 5.000000000000000000e-01 5.000000000000000000e-01 5.000000000000000000e-01 5.000000000000000000e-01 5.000000000000000000e-01 5.000000000000000000e-01 5.000000000000000000e-01 5.000000000000000000e-01 5.000000000000000000e-01 5.000000000000000000e-01 5.000000000000000000e-01 5.000000000000000000e-01 5.000000000000000000e-01 5.000000000000000000e-01 5.000000000000000000e-01 5.000000000000000000e-01 5.000000000000000000e-01 5.000000000000000000e-01 5.000000000000000000e-01 5.000000000000000000e-01 5.000000000000000000e-01
8.506360054016113281e-01 6.308157444000244141e-01 9.003912806510925293e-01 5.000000000000000000e-01 5.000000000000000000e-01 5.000000000000000000e-01 5.000000000000000000e-01 5.000000000000000000e-01 5.000000000000000000e-01 5.000000000000000000e-01 5.000000000000000000e-01 5.000000000000000000e-01 5.000000000000000000e-01 5.000000000000000000e-01 5.000000000000000000e-01 5.000000000000000000e-01 5.000000000000000000e-01 5.000000000000000000e-01 5.000000000000000000e-01 5.000000000000000000e-01 5.000000000000000000e-01 5.000000000000000000e-01 5.000000000000000000e-01 5.000000000000000000e-01 5.000000000000000000e-01 5.000000000000000000e-01 5.000000000000000000e-01 5.000000000000000000e-01 5.000000000000000000e-01 5.000000000000000000e-01 5.000000000000000000e-01 5.000000000000000000e-01 5.000000000000000000e-01 5.000000000000000000e-01 5.000000000000000000e-01 5.000000000000000000e-01 5.000000000000000000e-01 5.000000000000000000e-01 5.000000000000000000e-01 5.000000000000000000e-01 5.000000000000000000e-01 5.000000000000000000e-01 5.000000000000000000e-01 5.000000000000000000e-01 5.000000000000000000e-01 5.000000000000000000e-01 5.000000000000000000e-01 5.000000000000000000e-01 5.000000000000000000e-01 5.000000000000000000e-01 5.000000000000000000e-01 5.000000000000000000e-01
3.201607465744018555e-01 5.244427919387817383e-01 7.148683816194534302e-02 5.000000000000000000e-01 5.000000000000000000e-01 5.000000000000000000e-01 5.000000000000000000e-01 5.000000000000000000e-01 5.000000000000000000e-01 5.000000000000000000e-01 5.000000000000000000e-01 5.000000000000000000e-01 5.000000000000000000e-01 5.000000000000000000e-01 5.000000000000000000e-01 5.000000000000000000e-01 5.000000000000000000e-01 5.000000000000000000e-01 5.000000000000000000e-01 5.000000000000000000e-01 5.000000000000000000e-01 5.000000000000000000e-01 5.000000000000000000e-01 5.000000000000000000e-01 5.000000000000000000e-01 5.000000000000000000e-01 5.000000000000000000e-01 5.000000000000000000e-01 5.000000000000000000e-01 5.000000000000000000e-01 5.000000000000000000e-01 5.000000000000000000e-01 5.000000000000000000e-01 5.000000000000000000e-01 5.000000000000000000e-01 5.000000000000000000e-01 5.000000000000000000e-01 5.000000000000000000e-01 5.000000000000000000e-01 5.000000000000000000e-01 5.000000000000000000e-01 5.000000000000000000e-01 5.000000000000000000e-01 5.000000000000000000e-01 5.000000000000000000e-01 5.000000000000000000e-01 5.000000000000000000e-01 5.000000000000000000e-01 5.000000000000000000e-01 5.000000000000000000e-01 5.000000000000000000e-01 5.000000000000000000e-01
1.048130914568901062e-02 1.089435536414384842e-02 6.761670708656311035e-01 5.000000000000000000e-01 5.000000000000000000e-01 5.000000000000000000e-01 5.000000000000000000e-01 5.000000000000000000e-01 5.000000000000000000e-01 5.000000000000000000e-01 5.000000000000000000e-01 5.000000000000000000e-01 5.000000000000000000e-01 5.000000000000000000e-01 5.000000000000000000e-01 5.000000000000000000e-01 5.000000000000000000e-01 5.000000000000000000e-01 5.000000000000000000e-01 5.000000000000000000e-01 5.000000000000000000e-01 5.000000000000000000e-01 5.000000000000000000e-01 5.000000000000000000e-01 5.000000000000000000e-01 5.000000000000000000e-01 5.000000000000000000e-01 5.000000000000000000e-01 5.000000000000000000e-01 5.000000000000000000e-01 5.000000000000000000e-01 5.000000000000000000e-01 5.000000000000000000e-01 5.000000000000000000e-01 5.000000000000000000e-01 5.000000000000000000e-01 5.000000000000000000e-01 5.000000000000000000e-01 5.000000000000000000e-01 5.000000000000000000e-01 5.000000000000000000e-01 5.000000000000000000e-01 5.000000000000000000e-01 5.000000000000000000e-01 5.000000000000000000e-01 5.000000000000000000e-01 5.000000000000000000e-01 5.000000000000000000e-01 5.000000000000000000e-01 5.000000000000000000e-01 5.000000000000000000e-01 5.000000000000000000e-01
2.890395224094390869e-01 1.936820596456527710e-01 3.082171678543090820e-01 5.000000000000000000e-01 5.000000000000000000e-01 5.000000000000000000e-01 5.000000000000000000e-01 5.000000000000000000e-01 5.000000000000000000e-01 5.000000000000000000e-01 5.000000000000000000e-01 5.000000000000000000e-01 5.000000000000000000e-01 5.000000000000000000e-01 5.000000000000000000e-01 5.000000000000000000e-01 5.000000000000000000e-01 5.000000000000000000e-01 5.000000000000000000e-01 5.000000000000000000e-01 5.000000000000000000e-01 5.000000000000000000e-01 5.000000000000000000e-01 5.000000000000000000e-01 5.000000000000000000e-01 5.000000000000000000e-01 5.000000000000000000e-01 5.000000000000000000e-01 5.000000000000000000e-01 5.000000000000000000e-01 5.000000000000000000e-01 5.000000000000000000e-01 5.000000000000000000e-01 5.000000000000000000e-01 5.000000000000000000e-01 5.000000000000000000e-01 5.000000000000000000e-01 5.000000000000000000e-01 5.000000000000000000e-01 5.000000000000000000e-01 5.000000000000000000e-01 5.000000000000000000e-01 5.000000000000000000e-01 5.000000000000000000e-01 5.000000000000000000e-01 5.000000000000000000e-01 5.000000000000000000e-01 5.000000000000000000e-01 5.000000000000000000e-01 5.000000000000000000e-01 5.000000000000000000e-01 5.000000000000000000e-01
9.143797755241394043e-01 8.520704507827758789e-01 5.872200131416320801e-01 5.000000000000000000e-01 5.000000000000000000e-01 5.000000000000000000e-01 5.000000000000000000e-01 5.000000000000000000e-01 5.000000000000000000e-01 5.000000000000000000e-01 5.000000000000000000e-01 5.000000000000000000e-01 5.000000000000000000e-01 5.000000000000000000e-01 5.000000000000000000e-01 5.000000000000000000e-01 5.000000000000000000e-01 5.000000000000000000e-01 5.000000000000000000e-01 5.000000000000000000e-01 5.000000000000000000e-01 5.000000000000000000e-01 5.000000000000000000e-01 5.000000000000000000e-01 5.000000000000000000e-01 5.000000000000000000e-01 5.000000000000000000e-01 5.000000000000000000e-01 5.000000000000000000e-01 5.000000000000000000e-01 5.000000000000000000e-01 5.000000000000000000e-01 5.000000000000000000e-01 5.000000000000000000e-01 5.000000000000000000e-01 5.000000000000000000e-01 5.000000000000000000e-01 5.000000000000000000e-01 5.000000000000000000e-01 5.000000000000000000e-01 5.000000000000000000e-01 5.000000000000000000e-01 5.000000000000000000e-01 5.000000000000000000e-01 5.000000000000000000e-01 5.000000000000000000e-01 5.000000000000000000e-01 5.000000000000000000e-01 5.000000000000000000e-01 5.000000000000000000e-01 5.000000000000000000e-01 5.000000000000000000e-01
4.060555621981620789e-02 8.050445914268493652e-01 2.415745109319686890e-01 5.000000000000000000e-01 5.000000000000000000e-01 5.000000000000000000e-01 5.000000000000000000e-01 5.000000000000000000e-01 5.000000000000000000e-01 5.000000000000000000e-01 5.000000000000000000e-01 5.000000000000000000e-01 5.000000000000000000e-01 5.000000000000000000e-01 5.000000000000000000e-01 5.000000000000000000e-01 5.000000000000000000e-01 5.000000000000000000e-01 5.000000000000000000e-01 5.000000000000000000e-01 5.000000000000000000e-01 5.000000000000000000e-01 5.000000000000000000e-01 5.000000000000000000e-01 5.000000000000000000e-01 5.000000000000000000e-01 5.000000000000000000e-01 5.000000000000000000e-01 5.000000000000000000e-01 5.000000000000000000e-01 5.000000000000000000e-01 5.000000000000000000e-01 5.000000000000000000e-01 5.000000000000000000e-01 5.000000000000000000e-01 5.000000000000000000e-01 5.000000000000000000e-01 5.000000000000000000e-01 5.000000000000000000e-01 5.000000000000000000e-01 5.000000000000000000e-01 5.000000000000000000e-01 5.000000000000000000e-01 5.000000000000000000e-01 5.000000000000000000e-01 5.000000000000000000e-01 5.000000000000000000e-01 5.000000000000000000e-01 5.000000000000000000e-01 5.000000000000000000e-01 5.000000000000000000e-01 5.000000000000000000e-01
3.993965387344360352e-01 9.175282120704650879e-01 3.676614463329315186e-01 5.000000000000000000e-01 5.000000000000000000e-01 5.000000000000000000e-01 5.000000000000000000e-01 5.000000000000000000e-01 5.000000000000000000e-01 5.000000000000000000e-01 5.000000000000000000e-01 5.000000000000000000e-01 5.000000000000000000e-01 5.000000000000000000e-01 5.000000000000000000e-01 5.000000000000000000e-01 5.000000000000000000e-01 5.000000000000000000e-01 5.000000000000000000e-01 5.000000000000000000e-01 5.000000000000000000e-01 5.000000000000000000e-01 5.000000000000000000e-01 5.000000000000000000e-01 5.000000000000000000e-01 5.000000000000000000e-01 5.000000000000000000e-01 5.000000000000000000e-01 5.000000000000000000e-01 5.000000000000000000e-01 5.000000000000000000e-01 5.000000000000000000e-01 5.000000000000000000e-01 5.000000000000000000e-01 5.000000000000000000e-01 5.000000000000000000e-01 5.000000000000000000e-01 5.000000000000000000e-01 5.000000000000000000e-01 5.000000000000000000e-01 5.000000000000000000e-01 5.000000000000000000e-01 5.000000000000000000e-01 5.000000000000000000e-01 5.000000000000000000e-01 5.000000000000000000e-01 5.000000000000000000e-01 5.000000000000000000e-01 5.000000000000000000e-01 5.000000000000000000e-01 5.000000000000000000e-01 5.000000000000000000e-01
4.600463807582855225e-01 6.570038199424743652e-02 1.352002918720245361e-01 5.000000000000000000e-01 5.000000000000000000e-01 5.000000000000000000e-01 5.000000000000000000e-01 5.000000000000000000e-01 5.000000000000000000e-01 5.000000000000000000e-01 5.000000000000000000e-01 5.000000000000000000e-01 5.000000000000000000e-01 5.000000000000000000e-01 5.000000000000000000e-01 5.000000000000000000e-01 5.000000000000000000e-01 5.000000000000000000e-01 5.000000000000000000e-01 5.000000000000000000e-01 5.000000000000000000e-01 5.000000000000000000e-01 5.000000000000000000e-01 5.000000000000000000e-01 5.000000000000000000e-01 5.000000000000000000e-01 5.000000000000000000e-01 5.000000000000000000e-01 5.000000000000000000e-01 5.000000000000000000e-01 5.000000000000000000e-01 5.000000000000000000e-01 5.000000000000000000e-01 5.000000000000000000e-01 5.000000000000000000e-01 5.000000000000000000e-01 5.000000000000000000e-01 5.000000000000000000e-01 5.000000000000000000e-01 5.000000000000000000e-01 5.000000000000000000e-01 5.000000000000000000e-01 5.000000000000000000e-01 5.000000000000000000e-01 5.000000000000000000e-01 5.000000000000000000e-01 5.000000000000000000e-01 5.000000000000000000e-01 5.000000000000000000e-01 5.000000000000000000e-01 5.000000000000000000e-01 5.000000000000000000e-01
4.451627731323242188e-01 7.079991102218627930e-01 6.922504305839538574e-01 5.000000000000000000e-01 5.000000000000000000e-01 5.000000000000000000e-01 5.000000000000000000e-01 5.000000000000000000e-01 5.000000000000000000e-01 5.000000000000000000e-01 5.000000000000000000e-01 5.000000000000000000e-01 5.000000000000000000e-01 5.000000000000000000e-01 5.000000000000000000e-01 5.000000000000000000e-01 5.000000000000000000e-01 5.000000000000000000e-01 5.000000000000000000e-01 5.000000000000000000e-01 5.000000000000000000e-01 5.000000000000000000e-01 5.000000000000000000e-01 5.000000000000000000e-01 5.000000000000000000e-01 5.000000000000000000e-01 5.000000000000000000e-01 5.000000000000000000e-01 5.000000000000000000e-01 5.000000000000000000e-01 5.000000000000000000e-01 5.000000000000000000e-01 5.000000000000000000e-01 5.000000000000000000e-01 5.000000000000000000e-01 5.000000000000000000e-01 5.000000000000000000e-01 5.000000000000000000e-01 5.000000000000000000e-01 5.000000000000000000e-01 5.000000000000000000e-01 5.000000000000000000e-01 5.000000000000000000e-01 5.000000000000000000e-01 5.000000000000000000e-01 5.000000000000000000e-01 5.000000000000000000e-01 5.000000000000000000e-01 5.000000000000000000e-01 5.000000000000000000e-01 5.000000000000000000e-01 5.000000000000000000e-01
9.314587116241455078e-01 7.267180085182189941e-01 1.805974394083023071e-01 5.000000000000000000e-01 5.000000000000000000e-01 5.000000000000000000e-01 5.000000000000000000e-01 5.000000000000000000e-01 5.000000000000000000e-01 5.000000000000000000e-01 5.000000000000000000e-01 5.000000000000000000e-01 5.000000000000000000e-01 5.000000000000000000e-01 5.000000000000000000e-01 5.000000000000000000e-01 5.000000000000000000e-01 5.000000000000000000e-01 5.000000000000000000e-01 5.000000000000000000e-01 5.000000000000000000e-01 5.000000000000000000e-01 5.000000000000000000e-01 5.000000000000000000e-01 5.000000000000000000e-01 5.000000000000000000e-01 5.000000000000000000e-01 5.000000000000000000e-01 5.000000000000000000e-01 5.000000000000000000e-01 5.000000000000000000e-01 5.000000000000000000e-01 5.000000000000000000e-01 5.000000000000000000e-01 5.000000000000000000e-01 5.000000000000000000e-01 5.000000000000000000e-01 5.000000000000000000e-01 5.000000000000000000e-01 5.000000000000000000e-01 5.000000000000000000e-01 5.000000000000000000e-01 5.000000000000000000e-01 5.000000000000000000e-01 5.000000000000000000e-01 5.000000000000000000e-01 5.000000000000000000e-01 5.000000000000000000e-01 5.000000000000000000e-01 5.000000000000000000e-01 5.000000000000000000e-01 5.000000000000000000e-01
6.799935102462768555e-01 1.482297480106353760e-01 7.998756766319274902e-01 5.000000000000000000e-01 5.000000000000000000e-01 5.000000000000000000e-01 5.000000000000000000e-01 5.000000000000000000e-01 5.000000000000000000e-01 5.000000000000000000e-01 5.000000000000000000e-01 5.000000000000000000e-01 5.000000000000000000e-01 5.000000000000000000e-01 5.000000000000000000e-01 5.000000000000000000e-01 5.000000000000000000e-01 5.000000000000000000e-01 5.000000000000000000e-01 5.000000000000000000e-01 5.000000000000000000e-01 5.000000000000000000e-01 5.000000000000000000e-01 5.000000000000000000e-01 5.000000000000000000e-01 5.000000000000000000e-01 5.000000000000000000e-01 5.000000000000000000e-01 5.000000000000000000e-01 5.000000000000000000e-01 5.000000000000000000e-01 5.000000000000000000e-01 5.000000000000000000e-01 5.000000000000000000e-01 5.000000000000000000e-01 5.000000000000000000e-01 5.000000000000000000e-01 5.000000000000000000e-01 5.000000000000000000e-01 5.000000000000000000e-01 5.000000000000000000e-01 5.000000000000000000e-01 5.000000000000000000e-01 5.000000000000000000e-01 5.000000000000000000e-01 5.000000000000000000e-01 5.000000000000000000e-01 5.000000000000000000e-01 5.000000000000000000e-01 5.000000000000000000e-01 5.000000000000000000e-01 5.000000000000000000e-01
6.498184800148010254e-01 9.308105707168579102e-01 8.502176403999328613e-01 5.000000000000000000e-01 5.000000000000000000e-01 5.000000000000000000e-01 5.000000000000000000e-01 5.000000000000000000e-01 5.000000000000000000e-01 5.000000000000000000e-01 5.000000000000000000e-01 5.000000000000000000e-01 5.000000000000000000e-01 5.000000000000000000e-01 5.000000000000000000e-01 5.000000000000000000e-01 5.000000000000000000e-01 5.000000000000000000e-01 5.000000000000000000e-01 5.000000000000000000e-01 5.000000000000000000e-01 5.000000000000000000e-01 5.000000000000000000e-01 5.000000000000000000e-01 5.000000000000000000e-01 5.000000000000000000e-01 5.000000000000000000e-01 5.000000000000000000e-01 5.000000000000000000e-01 5.000000000000000000e-01 5.000000000000000000e-01 5.000000000000000000e-01 5.000000000000000000e-01 5.000000000000000000e-01 5.000000000000000000e-01 5.000000000000000000e-01 5.000000000000000000e-01 5.000000000000000000e-01 5.000000000000000000e-01 5.000000000000000000e-01 5.000000000000000000e-01 5.000000000000000000e-01 5.000000000000000000e-01 5.000000000000000000e-01 5.000000000000000000e-01 5.000000000000000000e-01 5.000000000000000000e-01 5.000000000000000000e-01 5.000000000000000000e-01 5.000000000000000000e-01 5.000000000000000000e-01 5.000000000000000000e-01
8.468949794769287109e-02 2.417422235012054443e-01 9.437071084976196289e-01 5.000000000000000000e-01 5.000000000000000000e-01 5.000000000000000000e-01 5.000000000000000000e-01 5.000000000000000000e-01 5.000000000000000000e-01 5.000000000000000000e-01 5.000000000000000000e-01 5.000000000000000000e-01 5.000000000000000000e-01 5.000000000000000000e-01 5.000000000000000000e-01 5.000000000000000000e-01 5.000000000000000000e-01 5.000000000000000000e-01 5.000000000000000000e-01 5.000000000000000000e-01 5.000000000000000000e-01 5.000000000000000000e-01 5.000000000000000000e-01 5.000000000000000000e-01 5.000000000000000000e-01 5.000000000000000000e-01 5.000000000000000000e-01 5.000000000000000000e-01 5.000000000000000000e-01 5.000000000000000000e-01 5.000000000000000000e-01 5.000000000000000000e-01 5.000000000000000000e-01 5.000000000000000000e-01 5.000000000000000000e-01 5.000000000000000000e-01 5.000000000000000000e-01 5.000000000000000000e-01 5.000000000000000000e-01 5.000000000000000000e-01 5.000000000000000000e-01 5.000000000000000000e-01 5.000000000000000000e-01 5.000000000000000000e-01 5.000000000000000000e-01 5.000000000000000000e-01 5.000000000000000000e-01 5.000000000000000000e-01 5.000000000000000000e-01 5.000000000000000000e-01 5.000000000000000000e-01 5.000000000000000000e-01
